Данные измерений. Отсчеты таймера. 1193180 отсчетов - 1 секунда.
Всего проведено измерений:  802 
T1 - момент нарушения оптического тракта.
 T2 - момент восстановления оптического тракта.
 #N |   T1   |   T2  |   dT |   T  |  
 0 , 1598589,  1601705,  3116 
1 , 3524077,  3527206,  3129 , 3850989 
2 , 5290885,  5294025,  3140 , 3533627 
3 , 6956981,  6960133,  3152 , 3332204 
4 , 8562212,  8565377,  3165 , 3210475 
5 , 10106365,  10109540,  3175 , 3088316 
6 , 11616277,  11619464,  3187 , 3019836 
7 , 13081322,  13084522,  3200 , 2930103 
8 , 14525246,  14528457,  3211 , 2887859 
9 , 15931508,  15934730,  3222 , 2812535 
10 , 17324056,  17327289,  3233 , 2785107 
11 , 18684264,  18687510,  3246 , 2720429 
12 , 20035716,  20038974,  3258 , 2702916 
13 , 21358526,  21361795,  3269 , 2645631 
14 , 22675706,  22678986,  3280 , 2634371 
15 , 23966993,  23970286,  3293 , 2582587 
16 , 25255089,  25258393,  3304 , 2576203 
17 , 26519284,  26522470,  3186 , 2528272 
18 , 27782301,  27785629,  3328 , 2526176 
19 , 29022449,  29025790,  3341 , 2480309 
20 , 30263358,  30266709,  3351 , 2481828 
21 , 31482257,  31485620,  3363 , 2437810 
22 , 32703233,  32706609,  3376 , 2441965 
23 , 33903298,  33906685,  3387 , 2400141 
24 , 35106428,  35109826,  3398 , 2406271 
25 , 36289533,  36292945,  3412 , 2366224 
26 , 37476608,  37480029,  3421 , 2374159 
27 , 38644055,  38647489,  3434 , 2334907 
28 , 39816153,  39819598,  3445 , 2344207 
29 , 40969621,  40973077,  3456 , 2306947 
30 , 42128036,  42131505,  3469 , 2316843 
31 , 43268267,  43271749,  3482 , 2280475 
32 , 44414343,  44417836,  3493 , 2292163 
33 , 45542348,  45545852,  3504 , 2256021 
34 , 46676954,  46680471,  3517 , 2269225 
35 , 47793563,  47797091,  3528 , 2233229 
36 , 48917272,  48920811,  3539 , 2247429 
37 , 50023525,  50027076,  3551 , 2212518 
38 , 51137069,  51140633,  3564 , 2227101 
39 , 52233409,  52236986,  3577 , 2192693 
40 , 53337433,  53341021,  3588 , 2208059 
41 , 54424648,  54428248,  3600 , 2174442 
42 , 55519862,  55523473,  3611 , 2190439 
43 , 56598298,  56601921,  3623 , 2156884 
44 , 57685409,  57689043,  3634 , 2174233 
45 , 58755534,  58759181,  3647 , 2140263 
46 , 59834757,  59838415,  3658 , 2158457 
47 , 60897089,  60900760,  3671 , 2124677 
48 , 61968782,  61972464,  3682 , 2143397 
49 , 63023792,  63027485,  3693 , 2110031 
50 , 64088361,  64092065,  3704 , 2129149 
51 , 65136349,  65140067,  3718 , 2095990 
52 , 66194165,  66197895,  3730 , 2115644 
53 , 67235526,  67239268,  3742 , 2082734 
54 , 68286887,  68290641,  3754 , 2102734 
55 , 69321920,  69325686,  3766 , 2070078 
56 , 70367173,  70370950,  3777 , 2090517 
57 , 71396207,  71399995,  3788 , 2058079 
58 , 72435647,  72439448,  3801 , 2078893 
59 , 73458911,  73462724,  3813 , 2046540 
60 , 74492860,  74496685,  3825 , 2067910 
61 , 75510618,  75514456,  3838 , 2035529 
62 , 76539184,  76543032,  3848 , 2057142 
63 , 77551684,  77555545,  3861 , 2025013 
64 , 78575198,  78579071,  3873 , 2047040 
65 , 79582673,  79586557,  3884 , 2014961 
66 , 80601398,  80605293,  3895 , 2037461 
67 , 81604120,  81608029,  3909 , 2005458 
68 , 82618087,  82622005,  3918 , 2027943 
69 , 83616118,  83620049,  3931 , 1996075 
70 , 84625705,  84629649,  3944 , 2019187 
71 , 85619229,  85623184,  3955 , 1987059 
72 , 86624600,  86628566,  3966 , 2010753 
73 , 87613902,  87617881,  3979 , 1978617 
74 , 88615159,  88619149,  3990 , 2002525 
75 , 89600344,  89604347,  4003 , 1970383 
76 , 90597615,  90601629,  4014 , 1994553 
77 , 91578825,  91582850,  4025 , 1962431 
78 , 92572239,  92576275,  4036 , 1986839 
79 , 93549683,  93553732,  4049 , 1954901 
80 , 94539387,  94543448,  4061 , 1979420 
81 , 95513146,  95517219,  4073 , 1947530 
82 , 96499344,  96503428,  4084 , 1972407 
83 , 97469546,  97473643,  4097 , 1940417 
84 , 98452335,  98456443,  4108 , 1965589 
85 , 99419033,  99423153,  4120 , 1933408 
86 , 100398558,  100402690,  4132 , 1959062 
87 , 101361897,  101366041,  4144 , 1926690 
88 , 102338244,  102342399,  4155 , 1952705 
89 , 103298440,  103302607,  4167 , 1920404 
90 , 104271634,  104275813,  4179 , 1946400 
91 , 105228777,  105232968,  4191 , 1914298 
92 , 106198968,  106203169,  4201 , 1940392 
93 , 107153069,  107157283,  4214 , 1908215 
94 , 108120436,  108124662,  4226 , 1934746 
95 , 109071574,  109075812,  4238 , 1902288 
96 , 110036118,  110040368,  4250 , 1929100 
97 , 110984363,  110988622,  4259 , 1896499 
98 , 111946266,  111950540,  4274 , 1923821 
99 , 112891728,  112896013,  4285 , 1890935 
100 , 113850993,  113855289,  4296 , 1918541 
101 , 114793800,  114798109,  4309 , 1885627 
102 , 115750412,  115754733,  4321 , 1913236 
103 , 116690566,  116694899,  4333 , 1880320 
104 , 117644673,  117649018,  4345 , 1908226 
105 , 118582258,  118586615,  4357 , 1875182 
106 , 119533911,  119538280,  4369 , 1903318 
107 , 120469046,  120473427,  4381 , 1870282 
108 , 121418340,  121422733,  4393 , 1898600 
109 , 122351092,  122355498,  4406 , 1865517 
110 , 123298100,  123302515,  4415 , 1894025 
111 , 124228533,  124232962,  4429 , 1860880 
112 , 125173309,  125177750,  4441 , 1889564 
113 , 126101479,  126105931,  4452 , 1856351 
114 , 127044084,  127048547,  4463 , 1885221 
115 , 127970051,  127974527,  4476 , 1851947 
116 , 128910567,  128915056,  4489 , 1881045 
117 , 129834357,  129838857,  4500 , 1847591 
118 , 130772810,  130777321,  4511 , 1876917 
119 , 131694519,  131699041,  4522 , 1843429 
120 , 132630995,  132635531,  4536 , 1872966 
121 , 133550645,  133555192,  4547 , 1839311 
122 , 134485168,  134489726,  4558 , 1869057 
123 , 135402852,  135407423,  4571 , 1835381 
124 , 136335481,  136340063,  4582 , 1865269 
125 , 137251218,  137255813,  4595 , 1831487 
126 , 138182024,  138186630,  4606 , 1861623 
127 , 139095818,  139100437,  4619 , 1827601 
128 , 140024824,  140029454,  4630 , 1858023 
129 , 140936764,  140941406,  4642 , 1823892 
130 , 141863972,  141868626,  4654 , 1854428 
131 , 142774110,  142778776,  4666 , 1820288 
132 , 143699665,  143704343,  4678 , 1851122 
133 , 144607992,  144612681,  4689 , 1816665 
134 , 145531919,  145536621,  4702 , 1847867 
135 , 146438560,  146443275,  4715 , 1813295 
136 , 147360818,  147365544,  4726 , 1844527 
137 , 148265764,  148270501,  4737 , 1809903 
138 , 149186428,  149191178,  4750 , 1841341 
139 , 150089720,  150094482,  4762 , 1806596 
140 , 151008834,  151013607,  4773 , 1838239 
141 , 151910491,  151915278,  4787 , 1803328 
142 , 152828092,  152832890,  4798 , 1835213 
143 , 153728166,  153732973,  4807 , 1800157 
144 , 154644249,  154649071,  4822 , 1832181 
145 , 155542771,  155547605,  4834 , 1797056 
146 , 156457415,  156462259,  4844 , 1829298 
147 , 157354404,  157359261,  4857 , 1793991 
148 , 158267608,  158272479,  4871 , 1826422 
149 , 159163100,  159167981,  4881 , 1790994 
150 , 160074929,  160079822,  4893 , 1823670 
151 , 160968961,  160973867,  4906 , 1788077 
152 , 161879416,  161884335,  4919 , 1820923 
153 , 162771992,  162776922,  4930 , 1785163 
154 , 163681169,  163686110,  4941 , 1818365 
155 , 164572350,  164577304,  4954 , 1782375 
156 , 165480210,  165485175,  4965 , 1815731 
157 , 166370037,  166375015,  4978 , 1779667 
158 , 167276597,  167281586,  4989 , 1813131 
159 , 168165039,  168170042,  5003 , 1776898 
160 , 169070377,  169075391,  5014 , 1810687 
161 , 169957534,  169962559,  5025 , 1774325 
162 , 170861621,  170866658,  5037 , 1808186 
163 , 171747520,  171752575,  5055 , 1771816 
164 , 172650374,  172655434,  5060 , 1805713 
165 , 173535002,  173540078,  5076 , 1769272 
166 , 174436673,  174441759,  5086 , 1803352 
167 , 175320063,  175325161,  5098 , 1766792 
168 , 176220623,  176225732,  5109 , 1801131 
169 , 177102760,  177107883,  5123 , 1764288 
170 , 178002205,  178007338,  5133 , 1798900 
171 , 178883164,  178888310,  5146 , 1761931 
172 , 179781508,  179786667,  5159 , 1796701 
173 , 180661293,  180666463,  5170 , 1759581 
174 , 181558551,  181563734,  5183 , 1794529 
175 , 182437159,  182442353,  5194 , 1757227 
176 , 183333368,  183338575,  5207 , 1792431 
177 , 184210863,  184216082,  5219 , 1755002 
178 , 185106039,  185111270,  5231 , 1790364 
179 , 185982428,  185987671,  5243 , 1752790 
180 , 186876589,  186881844,  5255 , 1788334 
181 , 187751888,  187757156,  5268 , 1750611 
182 , 188645032,  188650311,  5279 , 1786299 
183 , 189519239,  189524531,  5292 , 1748427 
184 , 190411425,  190416730,  5305 , 1784385 
185 , 191284568,  191289886,  5318 , 1746299 
186 , 192175801,  192181130,  5329 , 1782477 
187 , 193047888,  193053230,  5342 , 1744187 
188 , 193938173,  193943525,  5352 , 1780580 
189 , 194809271,  194814636,  5365 , 1742209 
190 , 195698610,  195703987,  5377 , 1778690 
191 , 196568730,  196574119,  5389 , 1740252 
192 , 197457144,  197462547,  5403 , 1776842 
193 , 198326308,  198331722,  5414 , 1738339 
194 , 199213855,  199219280,  5425 , 1775105 
195 , 200082048,  200087486,  5438 , 1736399 
196 , 200968727,  200974178,  5451 , 1773371 
197 , 201835963,  201841425,  5462 , 1734483 
198 , 202721805,  202727280,  5475 , 1771697 
199 , 203588085,  203593573,  5488 , 1732573 
200 , 204473103,  204478603,  5500 , 1770048 
201 , 1883567,  1886685,  3118 , 8184753138 
202 , 3810471,  3813602,  3131 , 3853821 
203 , 5573777,  5576919,  3142 , 3526623 
204 , 7234335,  7237490,  3155 , 3321129 
205 , 8835995,  8839161,  3166 , 3203331 
206 , 10375208,  10378386,  3178 , 3078438 
207 , 11881640,  11884830,  3190 , 3012876 
208 , 13341676,  13344879,  3203 , 2920085 
209 , 14781115,  14784329,  3214 , 2878889 
210 , 16183217,  16186442,  3225 , 2804215 
211 , 17571808,  17575046,  3238 , 2777195 
212 , 18928129,  18931380,  3251 , 2712655 
213 , 20275802,  20279065,  3263 , 2695358 
214 , 21594821,  21598094,  3273 , 2638048 
215 , 22908740,  22912027,  3287 , 2627852 
216 , 24196032,  24199330,  3298 , 2574595 
217 , 25480892,  25484200,  3308 , 2569730 
218 , 26741243,  26744565,  3322 , 2520716 
219 , 28000836,  28004169,  3333 , 2519197 
220 , 29237516,  29240862,  3346 , 2473373 
221 , 30474797,  30478155,  3358 , 2474574 
222 , 31690393,  31693762,  3369 , 2431203 
223 , 32907778,  32911159,  3381 , 2434782 
224 , 34104444,  34107837,  3393 , 2393344 
225 , 35304110,  35307517,  3407 , 2399346 
226 , 36483717,  36487135,  3418 , 2359225 
227 , 37667336,  37670767,  3431 , 2367251 
228 , 38831443,  38834885,  3442 , 2328225 
229 , 40000408,  40003863,  3455 , 2337943 
230 , 41150376,  41153842,  3466 , 2299947 
231 , 42305882,  42309359,  3477 , 2311023 
232 , 43443020,  43446510,  3490 , 2274289 
233 , 44586112,  44589613,  3501 , 2286195 
234 , 45711242,  45714754,  3512 , 2250271 
235 , 46842962,  46846486,  3524 , 2263452 
236 , 47956998,  47960534,  3536 , 2228084 
237 , 49078095,  49081644,  3549 , 2242207 
238 , 50181652,  50185213,  3561 , 2207126 
239 , 51292758,  51296331,  3573 , 2222224 
240 , 52386421,  52390006,  3585 , 2187338 
241 , 53488082,  53491678,  3596 , 2203333 
242 , 54572668,  54576277,  3609 , 2169185 
243 , 55665599,  55669219,  3620 , 2185873 
244 , 56741562,  56745195,  3633 , 2151939 
245 , 57826265,  57829907,  3642 , 2169415 
246 , 58894192,  58897847,  3655 , 2135867 
247 , 59971046,  59974713,  3667 , 2153720 
248 , 61031239,  61034920,  3681 , 2120400 
249 , 62100679,  62104369,  3690 , 2138889 
250 , 63153608,  63157312,  3704 , 2105872 
251 , 64215950,  64219665,  3715 , 2124695 
252 , 65261992,  65265720,  3728 , 2092097 
253 , 66317675,  66321417,  3742 , 2111380 
254 , 67356949,  67360704,  3755 , 2078561 
255 , 68405950,  68409713,  3763 , 2098010 
256 , 69438804,  69442582,  3778 , 2065723 
257 , 70481747,  70485537,  3790 , 2085898 
258 , 71508593,  71512392,  3799 , 2053701 
259 , 72545799,  72549612,  3813 , 2074426 
260 , 73566901,  73570726,  3825 , 2042216 
261 , 74598683,  74602520,  3837 , 2063576 
262 , 75614352,  75618200,  3848 , 2031349 
263 , 76640941,  76644801,  3860 , 2053190 
264 , 77651428,  77655301,  3873 , 2020987 
265 , 78673080,  78676964,  3884 , 2043315 
266 , 79678627,  79682523,  3896 , 2011106 
267 , 80695494,  80699401,  3907 , 2033745 
268 , 81696394,  81700314,  3920 , 2001813 
269 , 82708673,  82712604,  3931 , 2024569 
270 , 83705009,  83708952,  3943 , 1992684 
271 , 84712916,  84716869,  3953 , 2015824 
272 , 85704892,  85708860,  3968 , 1983967 
273 , 86708615,  86712593,  3978 , 2007456 
274 , 87696382,  87700374,  3992 , 1975548 
275 , 88696085,  88700087,  4002 , 1999416 
276 , 89679776,  89683790,  4014 , 1967394 
277 , 90675613,  90679638,  4025 , 1991685 
278 , 91655395,  91659431,  4036 , 1959575 
279 , 92647458,  92651507,  4049 , 1984139 
280 , 93623468,  93627529,  4061 , 1952032 
281 , 94611947,  94616019,  4072 , 1976969 
282 , 95584256,  95588341,  4085 , 1944631 
283 , 96569272,  96573367,  4095 , 1970042 
284 , 97538121,  97542230,  4109 , 1937712 
285 , 98519721,  98523841,  4120 , 1963211 
286 , 99485211,  99489342,  4131 , 1930991 
287 , 100463508,  100467652,  4144 , 1956607 
288 , 101425696,  101429851,  4155 , 1924387 
289 , 102400816,  102404983,  4167 , 1950252 
290 , 103359822,  103364001,  4179 , 1918024 
291 , 104331871,  104336062,  4191 , 1944110 
292 , 105287744,  105291948,  4204 , 1911759 
293 , 106256880,  106261095,  4215 , 1938283 
294 , 107209692,  107213918,  4226 , 1905635 
295 , 108175928,  108180165,  4237 , 1932483 
296 , 109125811,  109130061,  4250 , 1899779 
297 , 110089303,  110093564,  4261 , 1926995 
298 , 111036370,  111040644,  4274 , 1894147 
299 , 111997176,  112001463,  4287 , 1921625 
300 , 112941515,  112945813,  4298 , 1888689 
301 , 113899708,  113904019,  4311 , 1916399 
302 , 114841419,  114845741,  4322 , 1883433 
303 , 115797077,  115801410,  4333 , 1911327 
304 , 116736233,  116740577,  4344 , 1878323 
305 , 117689449,  117693805,  4356 , 1906444 
306 , 118626041,  118630411,  4370 , 1873198 
307 , 119576871,  119581253,  4382 , 1901672 
308 , 120511088,  120515482,  4394 , 1868446 
309 , 121459531,  121463935,  4404 , 1896896 
310 , 122391375,  122395792,  4417 , 1863701 
311 , 123337559,  123341989,  4430 , 1892381 
312 , 124267050,  124271491,  4441 , 1858993 
313 , 125211035,  125215487,  4452 , 1887981 
314 , 126138275,  126142739,  4464 , 1854492 
315 , 127080179,  127084655,  4476 , 1883820 
316 , 128005171,  128009660,  4489 , 1849997 
317 , 128945008,  128949507,  4499 , 1879684 
318 , 129867950,  129872462,  4512 , 1845897 
319 , 130805690,  130810214,  4524 , 1875492 
320 , 131726540,  131731078,  4538 , 1841714 
321 , 132662313,  132666861,  4548 , 1871556 
322 , 133581159,  133585718,  4559 , 1837703 
323 , 134515011,  134519582,  4571 , 1867716 
324 , 135431855,  135436439,  4584 , 1833701 
325 , 136363866,  136368458,  4592 , 1864030 
326 , 137278748,  137283355,  4607 , 1829779 
327 , 138208933,  138213552,  4619 , 1860382 
328 , 139121944,  139126575,  4631 , 1826034 
329 , 140050346,  140054989,  4643 , 1856816 
330 , 140961513,  140966167,  4654 , 1822345 
331 , 141888176,  141892841,  4665 , 1853337 
332 , 142797546,  142802225,  4679 , 1818754 
333 , 143722491,  143727182,  4691 , 1849902 
334 , 144630112,  144634815,  4703 , 1815254 
335 , 145553379,  145558094,  4715 , 1846546 
336 , 146459356,  146464082,  4726 , 1811965 
337 , 147381016,  147385753,  4737 , 1843331 
338 , 148285302,  148290052,  4750 , 1808585 
339 , 149205378,  149210139,  4761 , 1840163 
340 , 150108023,  150112797,  4774 , 1805303 
341 , 151026534,  151031318,  4784 , 1837032 
342 , 151927556,  151932355,  4799 , 1802059 
343 , 152844557,  152849367,  4810 , 1834013 
344 , 153743971,  153748794,  4823 , 1798841 
345 , 154659515,  154664347,  4832 , 1831097 
346 , 155557365,  155562212,  4847 , 1795715 
347 , 156471487,  156476343,  4856 , 1828253 
348 , 157367841,  157372712,  4871 , 1792723 
349 , 158280532,  158285413,  4881 , 1825392 
350 , 159175423,  159180318,  4895 , 1789796 
351 , 160086752,  160091658,  4906 , 1822669 
352 , 160980192,  160985110,  4918 , 1786892 
353 , 161890201,  161895132,  4931 , 1820031 
354 , 162782221,  162787164,  4943 , 1784052 
355 , 163690875,  163695829,  4954 , 1817319 
356 , 164581491,  164586458,  4967 , 1781245 
357 , 165488869,  165493847,  4978 , 1814767 
358 , 166378062,  166383054,  4992 , 1778400 
359 , 167284185,  167289188,  5003 , 1812257 
360 , 168172024,  168177040,  5016 , 1775691 
361 , 169076829,  169081856,  5027 , 1809621 
362 , 169963332,  169968372,  5040 , 1773019 
363 , 170866981,  170872032,  5051 , 1807309 
364 , 171752179,  171757243,  5064 , 1770409 
365 , 172654672,  172659747,  5075 , 1804997 
366 , 173538593,  173543684,  5091 , 1767858 
367 , 174439881,  174444982,  5101 , 1802586 
368 , 175322644,  175327758,  5114 , 1765539 
369 , 176222690,  176227817,  5127 , 1800105 
370 , 177104251,  177109389,  5138 , 1763133 
371 , 178003175,  178008324,  5149 , 1797859 
372 , 178883512,  178888674,  5162 , 1760687 
373 , 179781375,  179786549,  5174 , 1795738 
374 , 180660542,  180665728,  5186 , 1758346 
375 , 181557256,  181562455,  5199 , 1793441 
376 , 182435339,  182440551,  5212 , 1756179 
377 , 183331078,  183336300,  5222 , 1791488 
378 , 184207950,  184213186,  5236 , 1753758 
379 , 185102634,  185107881,  5247 , 1789379 
380 , 185978420,  185983681,  5261 , 1751586 
381 , 186872055,  186877328,  5273 , 1787282 
382 , 187746818,  187752103,  5285 , 1749538 
383 , 188639427,  188644725,  5298 , 1785231 
384 , 189513077,  189518388,  5311 , 1747313 
385 , 190404712,  190410033,  5321 , 1783280 
386 , 191277289,  191282623,  5334 , 1745167 
387 , 192167988,  192173334,  5346 , 1781410 
388 , 193039488,  193044847,  5359 , 1743013 
389 , 193929265,  193934636,  5371 , 1779566 
390 , 194799723,  194805106,  5383 , 1740928 
391 , 195688602,  195693999,  5397 , 1777772 
392 , 196558071,  196563480,  5409 , 1738950 
393 , 197446027,  197451447,  5420 , 1775923 
394 , 198314441,  198319876,  5435 , 1736843 
395 , 199201467,  199206913,  5446 , 1774063 
396 , 200068866,  200074326,  5460 , 1734812 
397 , 200955025,  200960497,  5472 , 1772330 
398 , 201821456,  201826940,  5484 , 1732874 
399 , 202706714,  202712210,  5496 , 1770528 
400 , 203572206,  203577716,  5510 , 1730998 
401 , 204456620,  204462141,  5521 , 1768839 
402 , 205321195,  205326731,  5536 , 1729165 
403 , 206204725,  206210272,  5547 , 1767071 
404 , 207068426,  207073988,  5562 , 1727417 
405 , 207951132,  207956705,  5573 , 1765423 
406 , 208813892,  208819477,  5585 , 1725532 
407 , 209695836,  209701432,  5596 , 1763899 
408 , 210557703,  210563314,  5611 , 1723749 
409 , 211438832,  211444455,  5623 , 1762270 
410 , 212299844,  212305479,  5635 , 1722036 
411 , 213180205,  213185853,  5648 , 1760735 
412 , 214040386,  214046047,  5661 , 1720375 
413 , 214919971,  214925644,  5673 , 1759182 
414 , 215779313,  215784999,  5686 , 1718697 
415 , 216658179,  216663879,  5700 , 1757746 
416 , 217516717,  217522427,  5710 , 1717086 
417 , 218394854,  218400575,  5721 , 1756285 
418 , 219252552,  219258288,  5736 , 1715411 
419 , 220129970,  220135719,  5749 , 1754849 
420 , 220986862,  220992626,  5764 , 1713799 
421 , 221863588,  221869361,  5773 , 1753461 
422 , 222719707,  222725493,  5786 , 1712251 
423 , 223595727,  223601525,  5798 , 1752052 
424 , 224451071,  224456882,  5811 , 1710701 
425 , 225326433,  225332257,  5824 , 1750737 
426 , 226181011,  226186848,  5837 , 1709169 
427 , 227055675,  227061523,  5848 , 1749339 
428 , 227909507,  227915370,  5863 , 1707679 
429 , 228783504,  228789379,  5875 , 1748006 
430 , 229636588,  229642476,  5888 , 1706181 
431 , 230509935,  230515835,  5900 , 1746706 
432 , 231362274,  231368186,  5912 , 1704690 
433 , 232234969,  232240894,  5925 , 1745403 
434 , 233086597,  233092535,  5938 , 1703269 
435 , 233958672,  233964623,  5951 , 1744163 
436 , 234809572,  234815538,  5966 , 1701815 
437 , 235681040,  235687016,  5976 , 1742946 
438 , 236531238,  236537227,  5989 , 1700409 
439 , 237402087,  237408090,  6003 , 1741712 
440 , 238251574,  238257590,  6016 , 1698987 
441 , 239121811,  239127839,  6028 , 1740486 
442 , 239970609,  239976650,  6041 , 1697609 
443 , 240840253,  240846307,  6054 , 1739301 
444 , 241688360,  241694428,  6068 , 1696228 
445 , 242557396,  242563475,  6079 , 1738083 
446 , 243404832,  243410926,  6094 , 1694887 
447 , 244273304,  244279410,  6106 , 1736956 
448 , 245120067,  245126184,  6117 , 1693537 
449 , 245987956,  245994088,  6132 , 1735793 
450 , 246834017,  246840163,  6146 , 1692136 
451 , 247701401,  247707557,  6156 , 1734778 
452 , 248546861,  248553032,  6171 , 1690935 
453 , 249413664,  249419846,  6182 , 1733617 
454 , 250258487,  250264682,  6195 , 1689659 
455 , 251124751,  251130958,  6207 , 1732540 
456 , 251968973,  251975193,  6220 , 1688457 
457 , 252834713,  252840948,  6235 , 1731495 
458 , 253678325,  253684573,  6248 , 1687237 
459 , 254543579,  254549838,  6259 , 1730519 
460 , 255386598,  255392871,  6273 , 1686052 
461 , 256251297,  256257581,  6284 , 1729409 
462 , 257093719,  257100018,  6299 , 1684859 
463 , 257957922,  257964232,  6310 , 1728417 
464 , 258799755,  258806080,  6325 , 1683681 
465 , 259663479,  259669817,  6338 , 1727461 
466 , 260504740,  260511092,  6352 , 1682536 
467 , 261367982,  261374343,  6361 , 1726493 
468 , 262208674,  262215050,  6376 , 1681399 
469 , 263071409,  263077798,  6389 , 1725483 
470 , 263911559,  263917962,  6403 , 1680314 
471 , 264773836,  264780251,  6415 , 1724566 
472 , 265613396,  265619825,  6429 , 1679134 
473 , 266475218,  266481658,  6440 , 1723655 
474 , 267314236,  267320690,  6454 , 1678050 
475 , 268175600,  268182066,  6466 , 1722740 
476 , 269014074,  269020554,  6480 , 1676962 
477 , 269874992,  269881485,  6493 , 1721849 
478 , 270712918,  270719424,  6506 , 1675865 
479 , 271573373,  271579892,  6519 , 1720923 
480 , 272410756,  272417288,  6532 , 1674779 
481 , 273270784,  273277328,  6544 , 1720068 
482 , 274107639,  274114198,  6559 , 1673725 
483 , 274967232,  274973803,  6571 , 1719198 
484 , 275803561,  275810145,  6584 , 1672671 
485 , 276662723,  276669322,  6599 , 1718339 
486 , 277498529,  277505140,  6611 , 1671624 
487 , 278357251,  278363875,  6624 , 1717457 
488 , 279192555,  279199192,  6637 , 1670621 
489 , 280050881,  280057531,  6650 , 1716665 
490 , 280885686,  280892351,  6665 , 1669625 
491 , 281743605,  281750280,  6675 , 1715848 
492 , 282577897,  282584587,  6690 , 1668599 
493 , 283435416,  283442119,  6703 , 1715051 
494 , 284269227,  284275944,  6717 , 1667636 
495 , 285126340,  285133070,  6730 , 1714239 
496 , 285959673,  285966416,  6743 , 1666679 
497 , 286816404,  286823160,  6756 , 1713475 
498 , 287649263,  287656032,  6769 , 1665731 
499 , 288505587,  288512369,  6782 , 1712661 
500 , 289337972,  289344769,  6797 , 1664785 
501 , 290193900,  290200708,  6808 , 1711867 
502 , 291025813,  291032636,  6823 , 1663841 
503 , 291881384,  291888218,  6834 , 1711153 
504 , 292712852,  292719702,  6850 , 1662952 
505 , 293568030,  293574891,  6861 , 1710367 
506 , 294399037,  294405913,  6876 , 1662029 
507 , 295253871,  295260758,  6887 , 1709679 
508 , 296084396,  296091299,  6903 , 1661066 
509 , 296938897,  296945812,  6915 , 1709014 
510 , 297768948,  297775876,  6928 , 1660115 
511 , 298623065,  298630005,  6940 , 1708246 
512 , 299452716,  299459671,  6955 , 1659317 
513 , 300306463,  300313429,  6966 , 1707505 
514 , 301135698,  301142680,  6982 , 1658486 
515 , 301989120,  301996115,  6995 , 1706857 
516 , 302817922,  302824931,  7009 , 1657618 
517 , 303671036,  303678056,  7020 , 1706239 
518 , 304499394,  304506427,  7033 , 1656729 
519 , 305352170,  305359216,  7046 , 1705565 
520 , 306180107,  306187170,  7063 , 1655891 
521 , 307032554,  307039627,  7073 , 1704904 
522 , 307860070,  307867156,  7086 , 1655045 
523 , 308712215,  308719313,  7098 , 1704302 
524 , 309539320,  309546433,  7113 , 1654225 
525 , 310391163,  310398289,  7126 , 1703699 
526 , 311217853,  311224993,  7140 , 1653394 
527 , 312069369,  312076523,  7154 , 1703046 
528 , 312895652,  312902818,  7166 , 1652578 
529 , 313746864,  313754041,  7177 , 1702435 
530 , 314572740,  314579935,  7195 , 1651770 
531 , 315423651,  315430857,  7206 , 1701833 
532 , 316249162,  316256383,  7221 , 1651037 
533 , 317099760,  317106992,  7232 , 1701207 
534 , 317924859,  317932106,  7247 , 1650213 
535 , 318775168,  318782427,  7259 , 1700630 
536 , 319599869,  319607142,  7273 , 1649416 
537 , 320449883,  320457169,  7286 , 1700041 
538 , 321274201,  321281502,  7301 , 1648651 
539 , 322123927,  322131239,  7312 , 1699463 
540 , 322947865,  322955193,  7328 , 1647892 
541 , 323797299,  323804640,  7341 , 1698881 
542 , 324620866,  324628221,  7355 , 1647148 
543 , 325470020,  325477386,  7366 , 1698319 
544 , 326293223,  326300604,  7381 , 1646421 
545 , 327142105,  327149499,  7394 , 1697777 
546 , 327964935,  327972344,  7409 , 1645675 
547 , 328813535,  328820953,  7418 , 1697209 
548 , 329636025,  329643459,  7434 , 1644996 
549 , 330484342,  330491789,  7447 , 1696647 
550 , 331306468,  331313929,  7461 , 1644266 
551 , 332154536,  332162010,  7474 , 1696149 
552 , 332976304,  332983791,  7487 , 1643549 
553 , 333824127,  333831626,  7499 , 1695658 
554 , 334645540,  334653056,  7516 , 1642843 
555 , 335493103,  335500630,  7527 , 1695137 
556 , 336314180,  336321721,  7541 , 1642168 
557 , 337161484,  337169036,  7552 , 1694619 
558 , 337982225,  337989794,  7569 , 1641499 
559 , 338829292,  338836870,  7578 , 1694143 
560 , 339649690,  339657285,  7595 , 1640813 
561 , 340496510,  340504117,  7607 , 1693652 
562 , 341316577,  341324198,  7621 , 1640148 
563 , 342163152,  342170785,  7633 , 1693162 
564 , 342982895,  342990543,  7648 , 1639501 
565 , 343829236,  343836897,  7661 , 1692695 
566 , 344648644,  344656320,  7676 , 1638831 
567 , 345494768,  345502455,  7687 , 1692259 
568 , 346313843,  346321546,  7703 , 1638166 
569 , 347159717,  347167431,  7714 , 1691759 
570 , 347978455,  347986184,  7729 , 1637491 
571 , 348824097,  348831839,  7742 , 1691297 
572 , 349642518,  349650275,  7757 , 1636857 
573 , 350487927,  350495695,  7768 , 1690829 
574 , 351306024,  351313810,  7786 , 1636212 
575 , 352151208,  352159004,  7796 , 1690378 
576 , 352968993,  352976804,  7811 , 1635585 
577 , 353813950,  353821774,  7824 , 1689927 
578 , 354631430,  354639270,  7840 , 1634976 
579 , 355476179,  355484031,  7852 , 1689510 
580 , 356293334,  356301201,  7867 , 1634325 
581 , 357137863,  357145741,  7878 , 1689069 
582 , 357954715,  357962609,  7894 , 1633720 
583 , 358799043,  358806948,  7905 , 1688667 
584 , 359615578,  359623499,  7921 , 1633086 
585 , 360459709,  360467641,  7932 , 1688273 
586 , 361275930,  361283880,  7950 , 1632460 
587 , 362119866,  362127828,  7962 , 1687884 
588 , 362935792,  362943771,  7979 , 1631869 
589 , 363779518,  363787505,  7987 , 1687460 
590 , 364595154,  364603157,  8003 , 1631288 
591 , 365438674,  365446690,  8016 , 1687053 
592 , 366254003,  366262035,  8032 , 1630674 
593 , 367097318,  367105361,  8043 , 1686641 
594 , 367912364,  367920423,  8059 , 1630108 
595 , 368755480,  368763552,  8072 , 1686245 
596 , 369570217,  369578304,  8087 , 1629489 
597 , 370413119,  370421218,  8099 , 1685816 
598 , 371227566,  371235681,  8115 , 1628910 
599 , 372070278,  372078404,  8126 , 1685435 
600 , 372884434,  372892576,  8142 , 1628328 
601 , 373726965,  373735120,  8155 , 1685075 
602 , 374540850,  374549022,  8172 , 1627787 
603 , 375383196,  375391379,  8183 , 1684703 
604 , 376196783,  376204982,  8199 , 1627190 
605 , 377038959,  377047171,  8212 , 1684365 
606 , 377852264,  377860490,  8226 , 1626624 
607 , 378694256,  378702495,  8239 , 1683997 
608 , 379507270,  379515524,  8254 , 1626043 
609 , 380349074,  380357340,  8266 , 1683620 
610 , 381161811,  381170095,  8284 , 1625492 
611 , 382003444,  382011739,  8295 , 1683277 
612 , 382815915,  382824224,  8309 , 1624956 
613 , 383657373,  383665694,  8321 , 1682928 
614 , 384469550,  384477890,  8340 , 1624373 
615 , 385310835,  385319187,  8352 , 1682582 
616 , 386122767,  386131134,  8367 , 1623879 
617 , 386963845,  386972225,  8380 , 1682169 
618 , 387775516,  387783911,  8395 , 1623357 
619 , 388616482,  388624884,  8402 , 1681939 
620 , 389427876,  389436299,  8423 , 1622809 
621 , 390268652,  390277086,  8434 , 1681563 
622 , 391079808,  391088259,  8451 , 1622329 
623 , 391920426,  391928886,  8460 , 1681245 
624 , 392731330,  392739807,  8477 , 1621825 
625 , 393571789,  393580278,  8489 , 1680930 
626 , 394382435,  394390941,  8506 , 1621309 
627 , 395222731,  395231249,  8518 , 1680604 
628 , 396033117,  396041651,  8534 , 1620788 
629 , 396873264,  396881810,  8546 , 1680306 
630 , 397683404,  397691967,  8563 , 1620297 
631 , 398523398,  398531972,  8574 , 1679999 
632 , 399333296,  399341886,  8590 , 1619812 
633 , 400173131,  400181732,  8601 , 1679681 
634 , 400982782,  400991401,  8619 , 1619320 
635 , 401822469,  401831097,  8628 , 1679383 
636 , 402631858,  402640502,  8644 , 1618794 
637 , 403471400,  403480058,  8658 , 1679098 
638 , 404280550,  404289225,  8675 , 1618317 
639 , 405119956,  405128642,  8686 , 1678823 
640 , 405928849,  405937553,  8704 , 1617804 
641 , 406768113,  406776828,  8715 , 1678539 
642 , 407576763,  407585492,  8729 , 1617314 
643 , 408415892,  408424636,  8744 , 1678273 
644 , 409224292,  409233050,  8758 , 1616814 
645 , 410063273,  410072044,  8771 , 1677975 
646 , 410871436,  410880223,  8787 , 1616342 
647 , 411710274,  411719074,  8800 , 1677689 
648 , 412518213,  412527028,  8815 , 1615893 
649 , 413356906,  413365735,  8829 , 1677400 
650 , 414164605,  414173451,  8846 , 1615415 
651 , 415003136,  415011993,  8857 , 1677073 
652 , 415810614,  415819491,  8877 , 1614976 
653 , 416649007,  416657900,  8893 , 1676802 
654 , 417456197,  417465100,  8903 , 1614390 
655 , 418294439,  418303355,  8916 , 1676497 
656 , 419101437,  419110369,  8932 , 1614012 
657 , 419939551,  419948494,  8943 , 1676239 
658 , 420746339,  420755297,  8958 , 1613591 
659 , 421584350,  421593322,  8972 , 1676036 
660 , 422390891,  422399878,  8987 , 1613097 
661 , 423228807,  423237807,  9000 , 1675845 
662 , 424035136,  424044150,  9014 , 1612672 
663 , 424872911,  424881939,  9028 , 1675564 
664 , 425679002,  425688047,  9045 , 1612199 
665 , 426516625,  426525681,  9056 , 1675257 
666 , 427322498,  427331570,  9072 , 1611762 
667 , 428160009,  428169093,  9084 , 1675034 
668 , 428965649,  428974748,  9099 , 1611295 
669 , 429803042,  429812153,  9111 , 1674798 
670 , 430608463,  430617593,  9130 , 1610861 
671 , 431445756,  431454898,  9142 , 1674598 
672 , 432250968,  432260125,  9157 , 1610439 
673 , 433088140,  433097310,  9170 , 1674357 
674 , 433893137,  433902323,  9186 , 1610010 
675 , 434730190,  434739389,  9199 , 1674119 
676 , 435534980,  435544196,  9216 , 1609597 
677 , 436371908,  436381137,  9229 , 1673869 
678 , 437176479,  437185726,  9247 , 1609160 
679 , 438013283,  438022541,  9258 , 1673619 
680 , 438817608,  438826884,  9276 , 1608668 
681 , 439654282,  439663571,  9289 , 1673361 
682 , 440458378,  440467685,  9307 , 1608210 
683 , 441294979,  441304297,  9318 , 1673213 
684 , 442098885,  442108221,  9336 , 1607830 
685 , 442935355,  442944702,  9347 , 1672951 
686 , 443739064,  443748431,  9367 , 1607438 
687 , 444575449,  444584824,  9375 , 1672778 
688 , 445378965,  445388358,  9393 , 1607050 
689 , 446215240,  446224646,  9406 , 1672563 
690 , 447018537,  447027960,  9423 , 1606611 
691 , 447854734,  447864169,  9435 , 1672406 
692 , 448657816,  448667270,  9454 , 1606183 
693 , 449493910,  449503374,  9464 , 1672198 
694 , 450296797,  450306279,  9482 , 1605792 
695 , 451132790,  451142284,  9494 , 1671998 
696 , 451935477,  451944988,  9511 , 1605391 
697 , 452771364,  452780885,  9521 , 1671784 
698 , 453573848,  453583387,  9539 , 1604986 
699 , 454409644,  454419195,  9551 , 1671604 
700 , 455211920,  455221488,  9568 , 1604569 
701 , 456047649,  456057228,  9579 , 1671469 
702 , 456849724,  456859320,  9596 , 1604167 
703 , 457685368,  457694976,  9608 , 1671300 
704 , 458487247,  458496873,  9626 , 1603776 
705 , 459322739,  459332378,  9639 , 1670997 
706 , 460124441,  460134096,  9655 , 1603420 
707 , 460959817,  460969483,  9666 , 1670763 
708 , 461761306,  461770991,  9685 , 1602997 
709 , 462596579,  462606276,  9697 , 1670558 
710 , 463397867,  463407581,  9714 , 1602593 
711 , 464233061,  464242786,  9725 , 1670399 
712 , 465034157,  465043902,  9745 , 1602212 
713 , 465869268,  465879023,  9755 , 1670232 
714 , 466670197,  466679970,  9773 , 1601876 
715 , 467505220,  467515006,  9786 , 1670059 
716 , 468305980,  468315782,  9802 , 1601536 
717 , 469140904,  469150721,  9817 , 1669863 
718 , 469941475,  469951307,  9832 , 1601157 
719 , 470776321,  470786166,  9845 , 1669705 
720 , 471576720,  471586580,  9860 , 1600813 
721 , 472411487,  472421359,  9872 , 1669546 
722 , 473211675,  473221563,  9888 , 1600392 
723 , 474046396,  474056299,  9903 , 1669457 
724 , 474846394,  474856313,  9919 , 1600012 
725 , 475681055,  475690986,  9931 , 1669334 
726 , 476480887,  476490833,  9946 , 1599679 
727 , 477315462,  477325425,  9963 , 1669167 
728 , 478115132,  478125108,  9976 , 1599353 
729 , 478949622,  478959611,  9989 , 1668993 
730 , 479749103,  479759108,  10005 , 1598978 
731 , 480583530,  480593549,  10019 , 1668868 
732 , 481382832,  481392868,  10036 , 1598621 
733 , 482217175,  482227222,  10047 , 1668697 
734 , 483016290,  483026354,  10064 , 1598247 
735 , 483850564,  483860644,  10080 , 1668564 
736 , 484649509,  484659605,  10096 , 1597906 
737 , 485483691,  485493801,  10110 , 1668378 
738 , 486282464,  486292589,  10125 , 1597561 
739 , 487116612,  487126750,  10138 , 1668309 
740 , 487915191,  487925346,  10155 , 1597175 
741 , 488749261,  488759428,  10167 , 1668152 
742 , 489547673,  489557857,  10184 , 1596841 
743 , 490381675,  490391872,  10197 , 1668017 
744 , 491179898,  491190114,  10216 , 1596465 
745 , 492013825,  492024054,  10229 , 1667867 
746 , 492811877,  492822121,  10244 , 1596119 
747 , 493645727,  493655986,  10259 , 1667715 
748 , 494443600,  494453877,  10277 , 1595764 
749 , 495277370,  495287660,  10290 , 1667553 
750 , 496075078,  496085383,  10305 , 1595431 
751 , 496908783,  496919104,  10321 , 1667426 
752 , 497706315,  497716651,  10336 , 1595079 
753 , 498539957,  498550307,  10350 , 1667298 
754 , 499337331,  499347698,  10367 , 1594765 
755 , 500170915,  500181296,  10381 , 1667182 
756 , 500968119,  500978517,  10398 , 1594425 
757 , 501801672,  501812083,  10411 , 1667119 
758 , 502598702,  502609132,  10430 , 1594079 
759 , 503432167,  503442609,  10442 , 1666942 
760 , 504229041,  504239504,  10463 , 1593769 
761 , 505062430,  505072902,  10472 , 1666787 
762 , 505859124,  505869614,  10490 , 1593406 
763 , 506692469,  506702973,  10504 , 1666704 
764 , 507488995,  507499517,  10522 , 1593070 
765 , 508322283,  508332819,  10536 , 1666590 
766 , 509118645,  509129198,  10553 , 1592741 
767 , 509951848,  509962414,  10566 , 1666419 
768 , 510748056,  510758639,  10583 , 1592433 
769 , 511581201,  511591798,  10597 , 1666304 
770 , 512377243,  512387860,  10617 , 1592104 
771 , 513210322,  513220953,  10631 , 1666172 
772 , 514006204,  514016847,  10643 , 1591776 
773 , 514839240,  514849899,  10659 , 1666088 
774 , 515634960,  515645639,  10679 , 1591460 
775 , 516467909,  516478602,  10693 , 1665912 
776 , 517263469,  517274178,  10709 , 1591136 
777 , 518096380,  518107104,  10724 , 1665837 
778 , 518891761,  518902500,  10739 , 1590777 
779 , 519724626,  519735381,  10755 , 1665746 
780 , 520519853,  520530623,  10770 , 1590469 
781 , 521352673,  521363459,  10786 , 1665656 
782 , 522147733,  522158535,  10802 , 1590136 
783 , 522980498,  522991313,  10815 , 1665543 
784 , 523775390,  523786221,  10831 , 1589800 
785 , 524608145,  524618991,  10846 , 1665525 
786 , 525402862,  525413727,  10865 , 1589453 
787 , 526235505,  526246382,  10877 , 1665298 
788 , 527030105,  527041004,  10899 , 1589222 
789 , 527862677,  527873585,  10908 , 1665153 
790 , 528657116,  528668044,  10928 , 1588898 
791 , 529489641,  529500583,  10942 , 1665064 
792 , 530283917,  530294874,  10957 , 1588567 
793 , 531116395,  531127371,  10976 , 1664975 
794 , 531910510,  531921503,  10993 , 1588247 
795 , 532742941,  532753943,  11002 , 1664871 
796 , 533536912,  533547936,  11024 , 1587964 
797 , 534369203,  534380243,  11040 , 1664598 
798 , 535163031,  535174085,  11054 , 1587670 
799 , 535995433,  536006503,  11070 , 1664820 
800 , 536788959,  536800047,  11088 , 1587070 
801 , 537621258,  537632357,  11099 , 1664609 
Число меток разделителя:  3 
0 
201 
802 
Эффективный угловой размер затеняющй спицы:  0.005222680615  0.000003364102 
Период линейных колебаний [сек]:  1.332591679270  0.000858366446   
