Данные измерений. Отсчеты таймера. 1193180 отсчетов - 1 секунда.
Всего проведено измерений:  501 
T1 - момент нарушения оптического тракта.
 T2 - момент восстановления оптического тракта.
 #N |   T1   |   T2  |   dT |   T  |  
 0 , 4066071,  4069270,  3199 
1 , 5950620,  5953839,  3219 , 3769118 
2 , 7670438,  7673673,  3235 , 3439652 
3 , 9283890,  9287141,  3251 , 3226920 
4 , 10836801,  10840071,  3270 , 3105841 
5 , 12326125,  12329413,  3288 , 2978666 
6 , 13782535,  13785841,  3306 , 2912838 
7 , 15192910,  15196231,  3321 , 2820765 
8 , 16582670,  16586009,  3339 , 2779538 
9 , 17935701,  17939058,  3357 , 2706080 
10 , 19274851,  19278224,  3373 , 2678316 
11 , 20583156,  20586548,  3392 , 2616629 
12 , 21882247,  21885656,  3409 , 2598199 
13 , 23153951,  23157377,  3426 , 2543425 
14 , 24419546,  24422987,  3441 , 2531205 
15 , 25660290,  25663751,  3461 , 2481508 
16 , 26897615,  26901092,  3477 , 2474666 
17 , 28111908,  28115403,  3495 , 2428604 
18 , 29325000,  29328512,  3512 , 2426201 
19 , 30516317,  30519847,  3530 , 2382652 
20 , 31708183,  31711729,  3546 , 2383748 
21 , 32879291,  32882856,  3565 , 2342235 
22 , 34052118,  34055699,  3581 , 2345670 
23 , 35205362,  35208961,  3599 , 2306506 
24 , 36361238,  36364853,  3615 , 2311768 
25 , 37498330,  37501962,  3632 , 2274201 
26 , 38638996,  38642644,  3648 , 2281348 
27 , 39761590,  39765256,  3666 , 2245206 
28 , 40888454,  40892138,  3684 , 2253746 
29 , 41997675,  42001376,  3701 , 2218459 
30 , 43112009,  43115729,  3720 , 2228687 
31 , 44209045,  44212782,  3737 , 2194089 
32 , 45311844,  45315597,  3753 , 2205614 
33 , 46397623,  46401396,  3773 , 2171578 
34 , 47489653,  47493441,  3788 , 2184075 
35 , 48565075,  48568879,  3804 , 2150860 
36 , 49647168,  49650988,  3820 , 2164202 
37 , 50712854,  50716692,  3838 , 2131390 
38 , 51785722,  51789577,  3855 , 2145753 
39 , 52842359,  52846232,  3873 , 2113292 
40 , 53906635,  53910526,  3891 , 2128570 
41 , 54954895,  54958803,  3908 , 2096537 
42 , 56011084,  56015008,  3924 , 2112394 
43 , 57051466,  57055408,  3942 , 2080782 
44 , 58100004,  58103964,  3960 , 2097094 
45 , 59132976,  59136953,  3977 , 2065961 
46 , 60174403,  60178397,  3994 , 2082871 
47 , 61200377,  61204386,  4009 , 2051963 
48 , 62235212,  62239239,  4027 , 2069688 
49 , 63254621,  63258666,  4045 , 2038836 
50 , 64283147,  64287210,  4063 , 2057070 
51 , 65296391,  65300471,  4080 , 2026505 
52 , 66318928,  66323024,  4096 , 2045090 
53 , 67326274,  67330387,  4113 , 2014709 
54 , 68343164,  68347295,  4131 , 2033798 
55 , 69344826,  69348975,  4149 , 2003342 
56 , 70356354,  70360519,  4165 , 2023072 
57 , 71352648,  71356830,  4182 , 1992605 
58 , 72359064,  72363264,  4200 , 2012850 
59 , 73350231,  73354449,  4218 , 1982352 
60 , 74351779,  74356013,  4234 , 2003112 
61 , 75338116,  75342367,  4251 , 1972691 
62 , 76334992,  76339262,  4270 , 1993771 
63 , 77316718,  77321003,  4285 , 1963467 
64 , 78309128,  78313429,  4301 , 1984836 
65 , 79286329,  79290649,  4320 , 1954421 
66 , 80274521,  80278859,  4338 , 1976402 
67 , 81247477,  81251833,  4356 , 1945930 
68 , 82231598,  82235970,  4372 , 1968258 
69 , 83200461,  83204852,  4391 , 1937745 
70 , 84180643,  84185050,  4407 , 1960380 
71 , 85145600,  85150026,  4426 , 1929933 
72 , 86122036,  86126479,  4443 , 1952889 
73 , 87083209,  87087669,  4460 , 1922363 
74 , 88056083,  88060559,  4476 , 1945764 
75 , 89013642,  89018138,  4496 , 1915138 
76 , 89983101,  89987612,  4511 , 1938933 
77 , 90937242,  90941771,  4529 , 1908300 
78 , 91903390,  91907935,  4545 , 1932312 
79 , 92854228,  92858792,  4564 , 1901695 
80 , 93817185,  93821765,  4580 , 1925930 
81 , 94764842,  94769442,  4600 , 1895334 
82 , 95724726,  95729344,  4618 , 1919786 
83 , 96669279,  96673914,  4635 , 1889123 
84 , 97626256,  97630907,  4651 , 1913970 
85 , 98567797,  98572466,  4669 , 1883100 
86 , 99521938,  99526623,  4685 , 1908298 
87 , 100460582,  100465286,  4704 , 1877307 
88 , 101412021,  101416742,  4721 , 1902895 
89 , 102347893,  102352631,  4738 , 1871761 
90 , 103296742,  103301495,  4753 , 1897713 
91 , 104229962,  104234734,  4772 , 1866459 
92 , 105176327,  105181117,  4790 , 1892748 
93 , 106107017,  106111825,  4808 , 1861398 
94 , 107050978,  107055802,  4824 , 1887938 
95 , 107979207,  107984049,  4842 , 1856476 
96 , 108920801,  108925661,  4860 , 1883206 
97 , 109846618,  109851495,  4877 , 1851651 
98 , 110785903,  110790796,  4893 , 1878586 
99 , 111709382,  111714293,  4911 , 1846976 
100 , 112646475,  112651403,  4928 , 1874203 
101 , 113567662,  113572610,  4948 , 1842394 
102 , 114502608,  114507570,  4962 , 1869906 
103 , 115421567,  115426548,  4981 , 1837937 
104 , 116354432,  116359429,  4997 , 1865746 
105 , 117271257,  117276274,  5017 , 1833670 
106 , 118202080,  118207114,  5034 , 1861663 
107 , 119116830,  119121882,  5052 , 1829518 
108 , 120045711,  120050780,  5069 , 1857779 
109 , 120958438,  120963524,  5086 , 1825471 
110 , 121885441,  121890544,  5103 , 1854023 
111 , 122796201,  122801324,  5123 , 1821540 
112 , 123721377,  123726515,  5138 , 1850367 
113 , 124630214,  124635370,  5156 , 1817692 
114 , 125553649,  125558821,  5172 , 1846886 
115 , 126460602,  126465795,  5193 , 1813927 
116 , 127382333,  127387542,  5209 , 1843478 
117 , 128287481,  128292708,  5227 , 1810314 
118 , 129207454,  129212698,  5244 , 1839963 
119 , 130110876,  130116138,  5262 , 1806862 
120 , 131029217,  131034498,  5281 , 1836701 
121 , 131930919,  131936216,  5297 , 1803420 
122 , 132847692,  132853007,  5315 , 1833564 
123 , 133747701,  133753035,  5334 , 1800037 
124 , 134662936,  134668286,  5350 , 1830486 
125 , 135561329,  135566698,  5369 , 1796805 
126 , 136475107,  136480492,  5385 , 1827572 
127 , 137371934,  137377339,  5405 , 1793674 
128 , 138284326,  138289747,  5421 , 1824800 
129 , 139179585,  139185025,  5440 , 1790537 
130 , 140090541,  140095997,  5456 , 1821928 
131 , 140984316,  140989791,  5475 , 1787569 
132 , 141893869,  141899361,  5492 , 1819123 
133 , 142786167,  142791678,  5511 , 1784615 
134 , 143694368,  143699895,  5527 , 1816418 
135 , 144585269,  144590815,  5546 , 1781821 
136 , 145492139,  145497702,  5563 , 1813757 
137 , 146381642,  146387225,  5583 , 1779026 
138 , 147287231,  147292829,  5598 , 1811193 
139 , 148175346,  148180963,  5617 , 1776249 
140 , 149079710,  149085344,  5634 , 1808745 
141 , 149966441,  149972094,  5653 , 1773481 
142 , 150869570,  150875238,  5668 , 1806273 
143 , 151754994,  151760681,  5687 , 1770867 
144 , 152656898,  152662604,  5706 , 1803827 
145 , 153541053,  153546775,  5722 , 1768326 
146 , 154441840,  154447582,  5742 , 1801594 
147 , 155324826,  155330575,  5749 , 1765979 
148 , 156224476,  156230249,  5773 , 1799324 
149 , 157106249,  157112047,  5798 , 1763571 
150 , 158004868,  158010682,  5814 , 1797254 
151 , 158885490,  158891321,  5831 , 1761261 
152 , 159783061,  159788910,  5849 , 1795160 
153 , 160662497,  160668365,  5868 , 1758891 
154 , 161559016,  161564901,  5885 , 1793055 
155 , 162437254,  162443158,  5904 , 1756495 
156 , 163332734,  163338654,  5920 , 1790976 
157 , 164209840,  164215780,  5940 , 1754232 
158 , 165104324,  165110281,  5957 , 1788985 
159 , 165980325,  165986302,  5977 , 1752022 
160 , 166873815,  166879809,  5994 , 1786997 
161 , 167748727,  167754740,  6013 , 1749843 
162 , 168641258,  168647289,  6031 , 1785080 
163 , 169515126,  169521176,  6050 , 1747755 
164 , 170406733,  170412799,  6066 , 1783230 
165 , 171279568,  171285654,  6086 , 1745690 
166 , 172170265,  172176371,  6106 , 1781414 
167 , 173042104,  173048228,  6124 , 1743696 
168 , 173931886,  173938028,  6142 , 1779582 
169 , 174802772,  174808933,  6161 , 1741791 
170 , 175691628,  175697807,  6179 , 1777730 
171 , 176561554,  176567751,  6197 , 1739870 
172 , 177449582,  177455796,  6214 , 1776073 
173 , 178318559,  178324794,  6235 , 1737975 
174 , 179205725,  179211977,  6252 , 1774349 
175 , 180073770,  180080040,  6270 , 1736108 
176 , 180960130,  180966419,  6289 , 1772739 
177 , 181827282,  181833589,  6307 , 1734322 
178 , 182712860,  182719185,  6325 , 1771174 
179 , 183579116,  183585461,  6345 , 1732532 
180 , 184463921,  184470281,  6360 , 1769625 
181 , 185329298,  185335677,  6379 , 1730773 
182 , 186213352,  186219750,  6398 , 1768127 
183 , 187077876,  187084292,  6416 , 1729066 
184 , 187961187,  187967620,  6433 , 1766639 
185 , 188824868,  188831321,  6453 , 1727382 
186 , 189707452,  189713921,  6469 , 1765184 
187 , 190570326,  190576815,  6489 , 1725768 
188 , 191452206,  191458712,  6506 , 1763777 
189 , 192314250,  192320776,  6526 , 1724108 
190 , 193195439,  193201984,  6545 , 1762397 
191 , 194056688,  194063250,  6562 , 1722515 
192 , 194937197,  194943779,  6582 , 1761038 
193 , 195797646,  195804247,  6601 , 1720917 
194 , 196677500,  196684120,  6620 , 1759727 
195 , 197537183,  197543822,  6639 , 1719385 
196 , 198416394,  198423050,  6656 , 1758439 
197 , 199275345,  199282019,  6674 , 1717920 
198 , 200153912,  200160606,  6694 , 1757154 
199 , 201012100,  201018813,  6713 , 1716395 
200 , 201890071,  201896801,  6730 , 1755959 
201 , 202747510,  202754260,  6750 , 1714898 
202 , 203624902,  203631670,  6768 , 1754802 
203 , 204481626,  204488412,  6786 , 1713466 
204 , 205358412,  205365215,  6803 , 1753589 
205 , 206214420,  206221243,  6823 , 1712036 
206 , 207090605,  207097446,  6841 , 1752388 
207 , 207945904,  207952766,  6862 , 1710619 
208 , 208821479,  208828357,  6878 , 1751166 
209 , 209676129,  209683025,  6896 , 1709318 
210 , 210551124,  210558039,  6915 , 1750009 
211 , 211405136,  211412070,  6934 , 1708043 
212 , 212279600,  212286552,  6952 , 1748946 
213 , 213132951,  213139921,  6970 , 1706720 
214 , 214006880,  214013870,  6990 , 1747878 
215 , 214859578,  214866587,  7009 , 1705415 
216 , 215732987,  215740013,  7026 , 1746835 
217 , 216585058,  216592104,  7046 , 1704162 
218 , 217457944,  217465008,  7064 , 1745790 
219 , 218309400,  218316484,  7084 , 1702932 
220 , 219181767,  219188869,  7102 , 1744752 
221 , 220032608,  220039729,  7121 , 1701701 
222 , 220904455,  220911596,  7141 , 1743714 
223 , 221754687,  221761847,  7160 , 1700483 
224 , 222626057,  222633233,  7176 , 1742756 
225 , 223475663,  223482860,  7197 , 1699233 
226 , 224346530,  224353745,  7215 , 1741752 
227 , 225195575,  225202808,  7233 , 1698108 
228 , 226065975,  226073227,  7252 , 1740819 
229 , 226914426,  226921698,  7272 , 1696922 
230 , 227784360,  227791648,  7288 , 1739884 
231 , 228632252,  228639560,  7308 , 1695804 
232 , 229501751,  229509078,  7327 , 1739017 
233 , 230349072,  230356418,  7346 , 1694661 
234 , 231218169,  231225533,  7364 , 1738212 
235 , 232064966,  232072348,  7382 , 1693612 
236 , 232933660,  232941060,  7400 , 1737406 
237 , 233779908,  233787328,  7420 , 1692516 
238 , 234648167,  234655606,  7439 , 1736537 
239 , 235493894,  235501354,  7460 , 1691475 
240 , 236361738,  236369215,  7477 , 1735705 
241 , 237206960,  237214456,  7496 , 1690463 
242 , 238074388,  238081903,  7515 , 1734875 
243 , 238919063,  238926598,  7535 , 1689370 
244 , 239786071,  239793625,  7554 , 1734035 
245 , 240630234,  240637807,  7573 , 1688345 
246 , 241496808,  241504401,  7593 , 1733168 
247 , 242340468,  242348080,  7612 , 1687339 
248 , 243206641,  243214270,  7629 , 1732363 
249 , 244049780,  244057431,  7651 , 1686300 
250 , 244915551,  244923221,  7670 , 1731561 
251 , 245758193,  245765883,  7690 , 1685304 
252 , 246623624,  246631333,  7709 , 1730881 
253 , 247465762,  247473489,  7727 , 1684294 
254 , 248330859,  248338604,  7745 , 1730212 
255 , 249172513,  249180279,  7766 , 1683329 
256 , 250037249,  250045034,  7785 , 1729491 
257 , 250878431,  250886235,  7804 , 1682383 
258 , 251742800,  251750623,  7823 , 1728757 
259 , 252583510,  252591354,  7844 , 1681441 
260 , 253447524,  253455386,  7862 , 1728046 
261 , 254287765,  254295648,  7883 , 1680503 
262 , 255151422,  255159324,  7902 , 1727333 
263 , 255991207,  255999130,  7923 , 1679591 
264 , 256854522,  256862463,  7941 , 1726648 
265 , 257693848,  257701809,  7961 , 1678672 
266 , 258556864,  258564845,  7981 , 1726052 
267 , 259395748,  259403748,  8000 , 1677787 
268 , 260258417,  260266436,  8019 , 1725357 
269 , 261096852,  261104894,  8042 , 1676893 
270 , 261959194,  261967253,  8059 , 1724701 
271 , 262797201,  262805283,  8082 , 1676037 
272 , 263659235,  263667333,  8098 , 1724084 
273 , 264496819,  264504939,  8120 , 1675190 
274 , 265358526,  265366664,  8138 , 1723432 
275 , 266195694,  266203851,  8157 , 1674355 
276 , 267057104,  267065282,  8178 , 1722841 
277 , 267893853,  267902048,  8195 , 1673515 
278 , 268754947,  268763163,  8216 , 1722209 
279 , 269591259,  269599494,  8235 , 1672643 
280 , 270452062,  270460319,  8257 , 1721628 
281 , 271287961,  271296237,  8276 , 1671817 
282 , 272148465,  272156760,  8295 , 1721027 
283 , 272983967,  272992282,  8315 , 1671024 
284 , 273844198,  273852533,  8335 , 1720482 
285 , 274679306,  274687661,  8355 , 1670236 
286 , 275539276,  275547651,  8375 , 1719960 
287 , 276373991,  276382385,  8394 , 1669449 
288 , 277233715,  277242128,  8413 , 1719467 
289 , 278068035,  278076470,  8435 , 1668662 
290 , 278927508,  278935962,  8454 , 1718965 
291 , 279761434,  279769908,  8474 , 1667872 
292 , 280620657,  280629153,  8496 , 1718468 
293 , 281454184,  281462698,  8514 , 1667072 
294 , 282313154,  282321687,  8533 , 1717959 
295 , 283146305,  283154858,  8553 , 1666322 
296 , 284005024,  284013598,  8574 , 1717459 
297 , 284837835,  284846430,  8595 , 1665643 
298 , 285696315,  285704929,  8614 , 1716979 
299 , 286528779,  286537414,  8635 , 1664949 
300 , 287386984,  287395638,  8654 , 1716429 
301 , 288219089,  288227764,  8675 , 1664231 
302 , 289077028,  289085722,  8694 , 1715897 
303 , 289908802,  289917517,  8715 , 1663569 
304 , 290766490,  290775222,  8732 , 1715393 
305 , 291597914,  291606670,  8756 , 1662872 
306 , 292455394,  292464168,  8774 , 1714978 
307 , 293286447,  293295243,  8796 , 1662128 
308 , 294143683,  294152497,  8814 , 1714490 
309 , 294974388,  294983224,  8836 , 1661432 
310 , 295831400,  295840254,  8854 , 1714042 
311 , 296661760,  296670636,  8876 , 1660742 
312 , 297518547,  297527442,  8895 , 1713593 
313 , 298348548,  298357463,  8915 , 1660022 
314 , 299205120,  299214054,  8934 , 1713163 
315 , 300034770,  300043727,  8957 , 1659323 
316 , 300891114,  300900089,  8975 , 1712706 
317 , 301720426,  301729426,  9000 , 1658649 
318 , 302576575,  302585591,  9016 , 1712314 
319 , 303405562,  303414599,  9037 , 1657995 
320 , 304261486,  304270543,  9057 , 1711868 
321 , 305090131,  305099209,  9078 , 1657311 
322 , 305945859,  305954955,  9096 , 1711474 
323 , 306774200,  306783319,  9119 , 1656705 
324 , 307629731,  307638869,  9138 , 1711081 
325 , 308457767,  308466924,  9157 , 1656091 
326 , 309313106,  309322283,  9177 , 1710698 
327 , 310140824,  310150023,  9199 , 1655458 
328 , 310996002,  311005221,  9219 , 1710376 
329 , 311823392,  311832631,  9239 , 1654800 
330 , 312678376,  312687635,  9259 , 1709988 
331 , 313505458,  313514741,  9283 , 1654188 
332 , 314360250,  314369550,  9300 , 1709601 
333 , 315187021,  315196342,  9321 , 1653563 
334 , 316041648,  316050989,  9341 , 1709274 
335 , 316868095,  316877458,  9363 , 1652916 
336 , 317722557,  317731939,  9382 , 1708943 
337 , 318548713,  318558117,  9404 , 1652334 
338 , 319403009,  319412433,  9424 , 1708612 
339 , 320228870,  320238315,  9445 , 1651743 
340 , 321082968,  321092433,  9465 , 1708216 
341 , 321908541,  321918029,  9488 , 1651169 
342 , 322762477,  322771984,  9507 , 1707891 
343 , 323587753,  323597279,  9526 , 1650571 
344 , 324441518,  324451066,  9548 , 1707552 
345 , 325266522,  325276090,  9568 , 1650028 
346 , 326120105,  326129694,  9589 , 1707187 
347 , 326944849,  326954459,  9610 , 1649509 
348 , 327798271,  327807901,  9630 , 1706864 
349 , 328622726,  328632378,  9652 , 1648932 
350 , 329475982,  329485653,  9671 , 1706531 
351 , 330300175,  330309870,  9695 , 1648410 
352 , 331153277,  331162989,  9712 , 1706221 
353 , 331977194,  331986929,  9735 , 1647857 
354 , 332830174,  332839927,  9753 , 1705978 
355 , 333653824,  333663597,  9773 , 1647320 
356 , 334506656,  334516452,  9796 , 1705687 
357 , 335330032,  335339849,  9817 , 1646773 
358 , 336182720,  336192557,  9837 , 1705396 
359 , 337005832,  337015688,  9856 , 1646243 
360 , 337858399,  337868277,  9878 , 1705156 
361 , 338681234,  338691134,  9900 , 1645692 
362 , 339533691,  339543612,  9921 , 1704935 
363 , 340356258,  340366199,  9941 , 1645154 
364 , 341208608,  341218570,  9962 , 1704721 
365 , 342030923,  342040907,  9984 , 1644652 
366 , 342883110,  342893113,  10003 , 1704393 
367 , 343705163,  343715186,  10023 , 1644126 
368 , 344557220,  344567263,  10043 , 1704134 
369 , 345379031,  345389096,  10065 , 1643644 
370 , 346230938,  346241024,  10086 , 1703835 
371 , 347052488,  347062595,  10107 , 1643121 
372 , 347904254,  347914381,  10127 , 1703552 
373 , 348725568,  348735717,  10149 , 1642650 
374 , 349577239,  349587408,  10169 , 1703362 
375 , 350398306,  350408496,  10190 , 1642155 
376 , 351249831,  351260041,  10210 , 1703070 
377 , 352070662,  352080895,  10233 , 1641685 
378 , 352922052,  352932306,  10254 , 1702801 
379 , 353742661,  353752935,  10274 , 1641238 
380 , 354593945,  354604239,  10294 , 1702588 
381 , 355414324,  355424639,  10315 , 1640779 
382 , 356265467,  356275805,  10338 , 1702309 
383 , 357085610,  357095970,  10360 , 1640308 
384 , 357936664,  357947042,  10378 , 1702126 
385 , 358756564,  358766964,  10400 , 1639822 
386 , 359607478,  359617898,  10420 , 1701848 
387 , 360427145,  360437589,  10444 , 1639358 
388 , 361277965,  361288428,  10463 , 1701659 
389 , 362097404,  362107890,  10486 , 1638901 
390 , 362948148,  362958654,  10506 , 1701508 
391 , 363767327,  363777854,  10527 , 1638379 
392 , 364618002,  364628550,  10548 , 1701371 
393 , 365436966,  365447533,  10567 , 1637947 
394 , 366287522,  366298110,  10588 , 1701133 
395 , 367106249,  367116859,  10610 , 1637476 
396 , 367956721,  367967352,  10631 , 1700965 
397 , 368775224,  368785876,  10652 , 1637027 
398 , 369625597,  369636269,  10672 , 1700766 
399 , 370443887,  370454581,  10694 , 1636602 
400 , 371294115,  371304827,  10712 , 1700474 
401 , 372112218,  372122953,  10735 , 1636229 
402 , 372962318,  372973074,  10756 , 1700221 
403 , 373780178,  373790956,  10778 , 1635742 
404 , 374630222,  374641022,  10800 , 1700110 
405 , 375447820,  375458641,  10821 , 1635217 
406 , 376297782,  376308625,  10843 , 1699946 
407 , 377115165,  377126029,  10864 , 1634787 
408 , 377965029,  377975914,  10885 , 1699749 
409 , 378782188,  378793093,  10905 , 1634338 
410 , 379631985,  379642912,  10927 , 1699616 
411 , 380448919,  380459867,  10948 , 1633889 
412 , 381298618,  381309588,  10970 , 1699420 
413 , 382115329,  382126321,  10992 , 1633444 
414 , 382964954,  382975968,  11014 , 1699272 
415 , 383781462,  383792499,  11037 , 1633039 
416 , 384630970,  384642028,  11058 , 1699037 
417 , 385447253,  385458332,  11079 , 1632587 
418 , 386296678,  386307780,  11102 , 1698873 
419 , 387112739,  387123862,  11123 , 1632143 
420 , 387962075,  387973219,  11144 , 1698693 
421 , 388777920,  388789087,  11167 , 1631713 
422 , 389627185,  389638372,  11187 , 1698550 
423 , 390442819,  390454029,  11210 , 1631291 
424 , 391292010,  391303240,  11230 , 1698402 
425 , 392107441,  392118694,  11253 , 1630885 
426 , 392956541,  392967816,  11275 , 1698222 
427 , 393771765,  393783063,  11298 , 1630471 
428 , 394620777,  394632098,  11321 , 1698047 
429 , 395435819,  395447161,  11342 , 1630105 
430 , 396284786,  396296150,  11364 , 1697956 
431 , 397099611,  397110997,  11386 , 1629672 
432 , 397948516,  397959924,  11408 , 1697832 
433 , 398763134,  398774564,  11430 , 1629258 
434 , 399611987,  399623440,  11453 , 1697729 
435 , 400426416,  400437890,  11474 , 1628879 
436 , 401275206,  401286704,  11498 , 1697604 
437 , 402089429,  402100946,  11517 , 1628465 
438 , 402938170,  402949709,  11539 , 1697504 
439 , 403752201,  403763764,  11563 , 1628086 
440 , 404600880,  404612467,  11587 , 1697382 
441 , 405414720,  405426328,  11608 , 1627701 
442 , 406263320,  406274950,  11630 , 1697222 
443 , 407076973,  407088627,  11654 , 1627330 
444 , 407925506,  407937183,  11677 , 1697089 
445 , 408738974,  408750673,  11699 , 1626958 
446 , 409587453,  409599172,  11719 , 1696978 
447 , 410400706,  410412448,  11742 , 1626529 
448 , 411249120,  411260883,  11763 , 1696849 
449 , 412062183,  412073968,  11785 , 1626148 
450 , 412910529,  412922336,  11807 , 1696714 
451 , 413723389,  413735218,  11829 , 1625742 
452 , 414571667,  414583518,  11851 , 1696578 
453 , 415384346,  415396218,  11872 , 1625379 
454 , 416232577,  416244472,  11895 , 1696485 
455 , 417045062,  417056978,  11916 , 1624991 
456 , 417893246,  417905186,  11940 , 1696392 
457 , 418705583,  418717545,  11962 , 1624696 
458 , 419553704,  419565686,  11982 , 1696262 
459 , 420365855,  420377860,  12005 , 1624325 
460 , 421213926,  421225955,  12029 , 1696166 
461 , 422025902,  422037954,  12052 , 1623975 
462 , 422873911,  422885983,  12072 , 1696038 
463 , 423685692,  423697785,  12093 , 1623583 
464 , 424533633,  424545752,  12119 , 1695908 
465 , 425345244,  425357383,  12139 , 1623242 
466 , 426193158,  426205320,  12162 , 1695851 
467 , 427004588,  427016773,  12185 , 1622883 
468 , 427852442,  427864649,  12207 , 1695730 
469 , 428663706,  428675937,  12231 , 1622552 
470 , 429511503,  429523757,  12254 , 1695617 
471 , 430322578,  430334851,  12273 , 1622169 
472 , 431170341,  431182640,  12299 , 1695552 
473 , 431981232,  431993552,  12320 , 1621803 
474 , 432828958,  432841301,  12343 , 1695475 
475 , 433639687,  433652054,  12367 , 1621482 
476 , 434487372,  434499760,  12388 , 1695391 
477 , 435297895,  435310303,  12408 , 1621066 
478 , 436145582,  436158015,  12433 , 1695399 
479 , 436955926,  436968378,  12452 , 1620707 
480 , 437803556,  437816034,  12478 , 1695286 
481 , 438613716,  438626217,  12501 , 1620343 
482 , 439461320,  439473843,  12523 , 1695230 
483 , 440271324,  440283871,  12547 , 1620032 
484 , 441118905,  441131474,  12569 , 1695184 
485 , 441928781,  441941374,  12593 , 1619776 
486 , 442776257,  442788873,  12616 , 1694975 
487 , 443585992,  443598632,  12640 , 1619494 
488 , 444433463,  444446125,  12662 , 1694964 
489 , 445242982,  445255667,  12685 , 1619061 
490 , 446090440,  446103148,  12708 , 1694939 
491 , 446899791,  446912523,  12732 , 1618726 
492 , 447747219,  447759974,  12755 , 1694879 
493 , 448556430,  448569208,  12778 , 1618445 
494 , 449403817,  449416619,  12802 , 1694798 
495 , 450212846,  450225670,  12824 , 1618080 
496 , 451060250,  451073100,  12850 , 1694834 
497 , 451869107,  451881976,  12869 , 1617733 
498 , 452716479,  452729374,  12895 , 1694770 
499 , 453525172,  453538089,  12917 , 1617408 
500 , 454372507,  454385449,  12942 , 1694695 
Число меток разделителя:  2 
0 
501 
Эффективный угловой размер затеняющй спицы:  0.005345659232  0.000003406403 
Период линейных колебаний [сек]:  1.363970255677  0.000869159805   
