Данные измерений. Отсчеты таймера. 1193180 отсчетов - 1 секунда.
Всего проведено измерений:  701 
T1 - момент нарушения оптического тракта.
 T2 - момент восстановления оптического тракта.
 #N |   T1   |   T2  |   dT |   T  |  
 0 , 1516370,  1519495,  3125 
1 , 3387236,  3390377,  3141 , 3741748 
2 , 5095804,  5098961,  3157 , 3417152 
3 , 6700001,  6703172,  3171 , 3208408 
4 , 8243071,  8246258,  3187 , 3086156 
5 , 9723970,  9727172,  3202 , 2961813 
6 , 11172784,  11176002,  3218 , 2897644 
7 , 12575841,  12579073,  3232 , 2806128 
8 , 13958435,  13961686,  3251 , 2765207 
9 , 15304971,  15308236,  3265 , 2693086 
10 , 16637547,  16640827,  3280 , 2665167 
11 , 17939425,  17942721,  3296 , 2603772 
12 , 19232290,  19235601,  3311 , 2585745 
13 , 20497851,  20501177,  3326 , 2531137 
14 , 21757602,  21760946,  3344 , 2519520 
15 , 22992734,  22996089,  3355 , 2470275 
16 , 24224765,  24228139,  3374 , 2464081 
17 , 25433643,  25437031,  3388 , 2417770 
18 , 26641480,  26644884,  3404 , 2415690 
19 , 27827630,  27831048,  3418 , 2372314 
20 , 29014254,  29017688,  3434 , 2373264 
21 , 30180383,  30183832,  3449 , 2332273 
22 , 31348183,  31351648,  3465 , 2335616 
23 , 32496452,  32499931,  3479 , 2296552 
24 , 33647273,  33650768,  3495 , 2301658 
25 , 34779380,  34782890,  3510 , 2264229 
26 , 35914947,  35918473,  3526 , 2271150 
27 , 37032396,  37035938,  3542 , 2234914 
28 , 38154035,  38157591,  3556 , 2243292 
29 , 39258088,  39261661,  3573 , 2208123 
30 , 40366993,  40370582,  3589 , 2217826 
31 , 41458828,  41462430,  3602 , 2183683 
32 , 42556080,  42559698,  3618 , 2194520 
33 , 43636570,  43640204,  3634 , 2160996 
34 , 44723021,  44726672,  3651 , 2172919 
35 , 45793042,  45796706,  3664 , 2140055 
36 , 46869507,  46873187,  3680 , 2152946 
37 , 47929742,  47933436,  3694 , 2120484 
38 , 48996843,  49000553,  3710 , 2134218 
39 , 50048012,  50051736,  3724 , 2102352 
40 , 51106416,  51110155,  3739 , 2116823 
41 , 52149109,  52152864,  3755 , 2085402 
42 , 53199461,  53203230,  3769 , 2100718 
43 , 54234148,  54237934,  3786 , 2069391 
44 , 55276827,  55280627,  3800 , 2085372 
45 , 56303953,  56307769,  3816 , 2054268 
46 , 57339418,  57343248,  3830 , 2070944 
47 , 58359458,  58363305,  3847 , 2040097 
48 , 59388062,  59391925,  3863 , 2057224 
49 , 60401401,  60405277,  3876 , 2026691 
50 , 61423532,  61427425,  3893 , 2044279 
51 , 62430476,  62434385,  3909 , 2013904 
52 , 63446489,  63450413,  3924 , 2032041 
53 , 64447393,  64451333,  3940 , 2001824 
54 , 65457649,  65461603,  3954 , 2020526 
55 , 66452832,  66456802,  3970 , 1990382 
56 , 67457651,  67461635,  3984 , 2009652 
57 , 68447402,  68451401,  3999 , 1979517 
58 , 69447003,  69451018,  4015 , 1999218 
59 , 70431590,  70435621,  4031 , 1969190 
60 , 71426174,  71430218,  4044 , 1989181 
61 , 72405834,  72409894,  4060 , 1959336 
62 , 73395718,  73399794,  4076 , 1979784 
63 , 74370659,  74374749,  4090 , 1949896 
64 , 75356062,  75360166,  4104 , 1970820 
65 , 76326597,  76330717,  4120 , 1941086 
66 , 77307755,  77311890,  4135 , 1962331 
67 , 78274013,  78278164,  4151 , 1932532 
68 , 79251053,  79255219,  4166 , 1954095 
69 , 80213214,  80217396,  4182 , 1924338 
70 , 81186307,  81190503,  4196 , 1946200 
71 , 82144514,  82148726,  4212 , 1916430 
72 , 83113789,  83118015,  4226 , 1938564 
73 , 84068151,  84072394,  4243 , 1908741 
74 , 85033780,  85038037,  4257 , 1931272 
75 , 85984399,  85988672,  4273 , 1901254 
76 , 86946487,  86950776,  4289 , 1924192 
77 , 87893535,  87897839,  4304 , 1894111 
78 , 88852275,  88856593,  4318 , 1917494 
79 , 89795878,  89800210,  4332 , 1887220 
80 , 90751356,  90755704,  4348 , 1910972 
81 , 91691688,  91696053,  4365 , 1880681 
82 , 92644015,  92648393,  4378 , 1904667 
83 , 93581184,  93585579,  4395 , 1874355 
84 , 94530518,  94534929,  4411 , 1898684 
85 , 95464666,  95469091,  4425 , 1868310 
86 , 96411087,  96415529,  4442 , 1892859 
87 , 97342304,  97346762,  4458 , 1862450 
88 , 98285959,  98290432,  4473 , 1887325 
89 , 99214312,  99218798,  4486 , 1856719 
90 , 100155256,  100159759,  4503 , 1881905 
91 , 101080888,  101085404,  4516 , 1851277 
92 , 102019200,  102023733,  4533 , 1876641 
93 , 102942203,  102946750,  4547 , 1846020 
94 , 103877975,  103882537,  4562 , 1871559 
95 , 104798381,  104802959,  4578 , 1840828 
96 , 105731733,  105736325,  4592 , 1866718 
97 , 106649682,  106654290,  4608 , 1835914 
98 , 107580660,  107585283,  4623 , 1861971 
99 , 108496165,  108500804,  4639 , 1831026 
100 , 109424864,  109429517,  4653 , 1857412 
101 , 110338068,  110342739,  4671 , 1826426 
102 , 111264554,  111269239,  4685 , 1852986 
103 , 112175465,  112180166,  4701 , 1821838 
104 , 113099810,  113104526,  4716 , 1848705 
105 , 114008486,  114013217,  4731 , 1817367 
106 , 114930762,  114935509,  4747 , 1844568 
107 , 115837288,  115842050,  4762 , 1813067 
108 , 116757533,  116762309,  4776 , 1840504 
109 , 117661975,  117666766,  4791 , 1808899 
110 , 118580237,  118585046,  4809 , 1836542 
111 , 119482631,  119487454,  4823 , 1804802 
112 , 120399003,  120403842,  4839 , 1832760 
113 , 121299417,  121304270,  4853 , 1800842 
114 , 122213924,  122218794,  4870 , 1829031 
115 , 123112413,  123117297,  4884 , 1796992 
116 , 124025099,  124029999,  4900 , 1825388 
117 , 124921706,  124926622,  4916 , 1793230 
118 , 125832619,  125837551,  4932 , 1821842 
119 , 126727420,  126732367,  4947 , 1789617 
120 , 127636633,  127641595,  4962 , 1818441 
121 , 128529634,  128534611,  4977 , 1786017 
122 , 129437183,  129442176,  4993 , 1815114 
123 , 130328475,  130333485,  5010 , 1782601 
124 , 131234426,  131239450,  5024 , 1811916 
125 , 132124022,  132129061,  5039 , 1779207 
126 , 133028392,  133033447,  5055 , 1808756 
127 , 133916329,  133921399,  5070 , 1775889 
128 , 134819179,  134824265,  5086 , 1805716 
129 , 135705510,  135710612,  5102 , 1772678 
130 , 136606847,  136611965,  5118 , 1802690 
131 , 137491611,  137496744,  5133 , 1769543 
132 , 138391470,  138396618,  5148 , 1799733 
133 , 139274697,  139279861,  5164 , 1766470 
134 , 140173133,  140178312,  5179 , 1796887 
135 , 141054873,  141060067,  5194 , 1763495 
136 , 141951957,  141957166,  5209 , 1794183 
137 , 142832260,  142837487,  5227 , 1760624 
138 , 143727980,  143733221,  5241 , 1791454 
139 , 144606839,  144612097,  5258 , 1757735 
140 , 145501262,  145506535,  5273 , 1788861 
141 , 146378714,  146384004,  5290 , 1754921 
142 , 147271896,  147277201,  5305 , 1786379 
143 , 148148003,  148153324,  5321 , 1752230 
144 , 149039901,  149045237,  5336 , 1783811 
145 , 149914674,  149920026,  5352 , 1749562 
146 , 150805370,  150810736,  5366 , 1781406 
147 , 151678845,  151684228,  5383 , 1746967 
148 , 152568355,  152573754,  5399 , 1779036 
149 , 153440546,  153445959,  5413 , 1744396 
150 , 154328937,  154334366,  5429 , 1776798 
151 , 155199900,  155205345,  5445 , 1741942 
152 , 156087150,  156092609,  5459 , 1774514 
153 , 156956933,  156962410,  5477 , 1739584 
154 , 157843027,  157848519,  5492 , 1772203 
155 , 158711637,  158717145,  5508 , 1737236 
156 , 159596658,  159602182,  5524 , 1770058 
157 , 160464090,  160469630,  5540 , 1734880 
158 , 161348087,  161353643,  5556 , 1768010 
159 , 162214373,  162219943,  5570 , 1732586 
160 , 163097325,  163102911,  5586 , 1765920 
161 , 163962479,  163968081,  5602 , 1730324 
162 , 164844436,  164850053,  5617 , 1763929 
163 , 165708508,  165714141,  5633 , 1728160 
164 , 166589456,  166595107,  5651 , 1761914 
165 , 167452473,  167458140,  5667 , 1726050 
166 , 168332425,  168338104,  5679 , 1759916 
167 , 169194390,  169200087,  5697 , 1723948 
168 , 170073394,  170079105,  5711 , 1758022 
169 , 170934337,  170940066,  5729 , 1721904 
170 , 171812432,  171818177,  5745 , 1756206 
171 , 172672378,  172678138,  5760 , 1719907 
172 , 173549592,  173555365,  5773 , 1754441 
173 , 174408563,  174414353,  5790 , 1717959 
174 , 175284916,  175290722,  5806 , 1752722 
175 , 176142923,  176148745,  5822 , 1716030 
176 , 177018428,  177024267,  5839 , 1751027 
177 , 177875533,  177881386,  5853 , 1714224 
178 , 178750177,  178756045,  5868 , 1749303 
179 , 179606352,  179612236,  5884 , 1712366 
180 , 180480183,  180486083,  5900 , 1747678 
181 , 181335447,  181341366,  5919 , 1710547 
182 , 182208461,  182214394,  5933 , 1746042 
183 , 183062832,  183068779,  5947 , 1708756 
184 , 183935051,  183941015,  5964 , 1744455 
185 , 184788535,  184794515,  5980 , 1706984 
186 , 185659964,  185665963,  5999 , 1742877 
187 , 186512562,  186518575,  6013 , 1705210 
188 , 187383230,  187389259,  6029 , 1741352 
189 , 188234962,  188241007,  6045 , 1703480 
190 , 189104879,  189110938,  6059 , 1739848 
191 , 189955759,  189961836,  6077 , 1701778 
192 , 190824931,  190831022,  6091 , 1738358 
193 , 191674983,  191681091,  6108 , 1700121 
194 , 192543436,  192549561,  6125 , 1736923 
195 , 193392675,  193398816,  6141 , 1698494 
196 , 194260394,  194266552,  6158 , 1735455 
197 , 195108837,  195115009,  6172 , 1696900 
198 , 195975883,  195982072,  6189 , 1734109 
199 , 196823569,  196829772,  6203 , 1695386 
200 , 197689956,  197696177,  6221 , 1732792 
201 , 198536869,  198543106,  6237 , 1693842 
202 , 199402583,  199408835,  6252 , 1731443 
203 , 200248751,  200255019,  6268 , 1692352 
204 , 201113812,  201120097,  6285 , 1730139 
205 , 201959243,  201965545,  6302 , 1690879 
206 , 202823660,  202829975,  6315 , 1728847 
207 , 203668357,  203674689,  6332 , 1689411 
208 , 204532136,  204538486,  6350 , 1727576 
209 , 205376119,  205382483,  6364 , 1687980 
210 , 206239309,  206245691,  6382 , 1726398 
211 , 207082602,  207088998,  6396 , 1686600 
212 , 207945200,  207951614,  6414 , 1725214 
213 , 208787817,  208794245,  6428 , 1685248 
214 , 209649827,  209656273,  6446 , 1724038 
215 , 210491760,  210498220,  6460 , 1683880 
216 , 211353185,  211359661,  6476 , 1722866 
217 , 212194438,  212200931,  6493 , 1682523 
218 , 213055341,  213061849,  6508 , 1721821 
219 , 213895921,  213902445,  6524 , 1681176 
220 , 214756257,  214762799,  6542 , 1720690 
221 , 215596189,  215602747,  6558 , 1679880 
222 , 216455995,  216462569,  6574 , 1719628 
223 , 217295298,  217301888,  6590 , 1678622 
224 , 218154576,  218161180,  6604 , 1718570 
225 , 218993265,  218999886,  6621 , 1677395 
226 , 219851981,  219858618,  6637 , 1717448 
227 , 220690041,  220696696,  6655 , 1676138 
228 , 221548263,  221554932,  6669 , 1716458 
229 , 222385706,  222392391,  6685 , 1674902 
230 , 223243440,  223250141,  6701 , 1715484 
231 , 224080295,  224087013,  6718 , 1673727 
232 , 224937521,  224944256,  6735 , 1714469 
233 , 225773790,  225780542,  6752 , 1672555 
234 , 226630536,  226637303,  6767 , 1713507 
235 , 227466220,  227473003,  6783 , 1671384 
236 , 228322501,  228329301,  6800 , 1712579 
237 , 229157608,  229164424,  6816 , 1670230 
238 , 230013421,  230020253,  6832 , 1711642 
239 , 230847959,  230854807,  6848 , 1669092 
240 , 231703295,  231710161,  6866 , 1710690 
241 , 232537270,  232544152,  6882 , 1667966 
242 , 233392176,  233399074,  6898 , 1709828 
243 , 234225603,  234232517,  6914 , 1666870 
244 , 235080044,  235086974,  6930 , 1708898 
245 , 235912931,  235919879,  6948 , 1665792 
246 , 236766934,  236773896,  6962 , 1708020 
247 , 237599284,  237606264,  6980 , 1664718 
248 , 238452835,  238459833,  6998 , 1707120 
249 , 239284648,  239291663,  7015 , 1663643 
250 , 240137759,  240144790,  7031 , 1706238 
251 , 240969038,  240976087,  7049 , 1662576 
252 , 241821728,  241828791,  7063 , 1705394 
253 , 242652495,  242659576,  7081 , 1661552 
254 , 243504774,  243511873,  7099 , 1704576 
255 , 244335028,  244342143,  7115 , 1660524 
256 , 245186910,  245194041,  7131 , 1703780 
257 , 246016648,  246023797,  7149 , 1659494 
258 , 246868131,  246875297,  7166 , 1702983 
259 , 247697379,  247704559,  7180 , 1658510 
260 , 248548478,  248555676,  7198 , 1702216 
261 , 249377242,  249384455,  7213 , 1657543 
262 , 250227976,  250235206,  7230 , 1701485 
263 , 251056268,  251063516,  7248 , 1656602 
264 , 251906637,  251913899,  7262 , 1700752 
265 , 252734454,  252741732,  7278 , 1655650 
266 , 253584428,  253591724,  7296 , 1699966 
267 , 254411781,  254419093,  7312 , 1654722 
268 , 255261386,  255268716,  7330 , 1699228 
269 , 256088277,  256095622,  7345 , 1653797 
270 , 256937523,  256944884,  7361 , 1698508 
271 , 257763967,  257771347,  7380 , 1652907 
272 , 258612853,  258620248,  7395 , 1697787 
273 , 259438842,  259446254,  7412 , 1651995 
274 , 260287406,  260294835,  7429 , 1697145 
275 , 261112961,  261120405,  7444 , 1651125 
276 , 261961197,  261968659,  7462 , 1696490 
277 , 262786315,  262793794,  7479 , 1650253 
278 , 263634209,  263641704,  7495 , 1695804 
279 , 264458909,  264466422,  7513 , 1649418 
280 , 265306460,  265313986,  7526 , 1695115 
281 , 266130733,  266138278,  7545 , 1648565 
282 , 266977958,  266985520,  7562 , 1694467 
283 , 267801801,  267809381,  7580 , 1647704 
284 , 268648700,  268656296,  7596 , 1693814 
285 , 269472127,  269479738,  7611 , 1646869 
286 , 270318697,  270326326,  7629 , 1693158 
287 , 271141710,  271149356,  7646 , 1646043 
288 , 271988002,  271995663,  7661 , 1692599 
289 , 272810606,  272818285,  7679 , 1645226 
290 , 273656583,  273664280,  7697 , 1691972 
291 , 274478792,  274486506,  7714 , 1644435 
292 , 275324468,  275332198,  7730 , 1691368 
293 , 276146273,  276154019,  7746 , 1643626 
294 , 276991676,  276999439,  7763 , 1690823 
295 , 277813077,  277820857,  7780 , 1642819 
296 , 278658261,  278666059,  7798 , 1690386 
297 , 279479242,  279487056,  7814 , 1641978 
298 , 280324171,  280332003,  7832 , 1689876 
299 , 281144803,  281152651,  7848 , 1641280 
300 , 281989463,  281997325,  7862 , 1689334 
301 , 282809659,  282817538,  7879 , 1640409 
302 , 283654030,  283661927,  7897 , 1688760 
303 , 284473869,  284481783,  7914 , 1639695 
304 , 285317907,  285325837,  7930 , 1688092 
305 , 286137425,  286145372,  7947 , 1639053 
306 , 286981172,  286989137,  7965 , 1687512 
307 , 287800351,  287808331,  7980 , 1638373 
308 , 288643850,  288651848,  7998 , 1687016 
309 , 289462627,  289470641,  8014 , 1637570 
310 , 290305831,  290313865,  8034 , 1686428 
311 , 291124242,  291132292,  8050 , 1636838 
312 , 291967216,  291975283,  8067 , 1685965 
313 , 292785250,  292793335,  8085 , 1636086 
314 , 293627960,  293636062,  8102 , 1685437 
315 , 294445620,  294453742,  8122 , 1635340 
316 , 295288123,  295296259,  8136 , 1685020 
317 , 296105446,  296113600,  8154 , 1634664 
318 , 296947685,  296955856,  8171 , 1684495 
319 , 297764663,  297772851,  8188 , 1633973 
320 , 298606637,  298614843,  8206 , 1683966 
321 , 299423284,  299431507,  8223 , 1633311 
322 , 300265012,  300273253,  8241 , 1683474 
323 , 301081346,  301089604,  8258 , 1632685 
324 , 301922846,  301931120,  8274 , 1683016 
325 , 302738862,  302747153,  8291 , 1632049 
326 , 303580136,  303588444,  8308 , 1682565 
327 , 304395811,  304404136,  8325 , 1631367 
328 , 305236879,  305245222,  8343 , 1682154 
329 , 306052208,  306060569,  8361 , 1630676 
330 , 306893091,  306901469,  8378 , 1681783 
331 , 307708109,  307716505,  8396 , 1630054 
332 , 308548798,  308557210,  8412 , 1681394 
333 , 309363520,  309371949,  8429 , 1629461 
334 , 310203968,  310212413,  8445 , 1680912 
335 , 311018381,  311026844,  8463 , 1628844 
336 , 311858614,  311867095,  8481 , 1680484 
337 , 312672704,  312681200,  8496 , 1628195 
338 , 313512761,  313521275,  8514 , 1680132 
339 , 314326533,  314335065,  8532 , 1627562 
340 , 315166384,  315174932,  8548 , 1679718 
341 , 315979830,  315988396,  8566 , 1626910 
342 , 316819490,  316828073,  8583 , 1679337 
343 , 317632631,  317641232,  8601 , 1626300 
344 , 318472124,  318480742,  8618 , 1679003 
345 , 319284970,  319293608,  8638 , 1625712 
346 , 320124272,  320132926,  8654 , 1678620 
347 , 320936833,  320945503,  8670 , 1625138 
348 , 321775896,  321784584,  8688 , 1678144 
349 , 322588176,  322596881,  8705 , 1624577 
350 , 323427050,  323435773,  8723 , 1677766 
351 , 324239037,  324247778,  8741 , 1623992 
352 , 325077733,  325086489,  8756 , 1677407 
353 , 325889418,  325898192,  8774 , 1623388 
354 , 326727964,  326736755,  8791 , 1677109 
355 , 327539352,  327548162,  8810 , 1622795 
356 , 328377715,  328386542,  8827 , 1676743 
357 , 329188837,  329197681,  8844 , 1622261 
358 , 330027001,  330035863,  8862 , 1676346 
359 , 330837859,  330846740,  8881 , 1621735 
360 , 331675853,  331684751,  8898 , 1676005 
361 , 332486413,  332495328,  8915 , 1621137 
362 , 333324232,  333333163,  8931 , 1675654 
363 , 334134486,  334143436,  8950 , 1620527 
364 , 334972151,  334981119,  8968 , 1675348 
365 , 335782111,  335791097,  8986 , 1619938 
366 , 336619647,  336628649,  9002 , 1675088 
367 , 337429384,  337438404,  9020 , 1619492 
368 , 338266701,  338275738,  9037 , 1674651 
369 , 339076201,  339085256,  9055 , 1619018 
370 , 339913314,  339922387,  9073 , 1674244 
371 , 340722553,  340731643,  9090 , 1618495 
372 , 341559526,  341568631,  9105 , 1673961 
373 , 342368486,  342377610,  9124 , 1617939 
374 , 343205308,  343214451,  9143 , 1673663 
375 , 344014009,  344023169,  9160 , 1617419 
376 , 344850688,  344859866,  9178 , 1673376 
377 , 345659127,  345668323,  9196 , 1616896 
378 , 346495641,  346504854,  9213 , 1673045 
379 , 347303826,  347313057,  9231 , 1616388 
380 , 348140203,  348149452,  9249 , 1672772 
381 , 348948138,  348957404,  9266 , 1615887 
382 , 349784380,  349793664,  9284 , 1672502 
383 , 350592054,  350601356,  9302 , 1615366 
384 , 351428137,  351437458,  9321 , 1672185 
385 , 352235561,  352244900,  9339 , 1614866 
386 , 353072160,  353080876,  8716 , 1672575 
387 , 353878708,  353888082,  9374 , 1613754 
388 , 354714540,  354723931,  9391 , 1671681 
389 , 355521484,  355530895,  9411 , 1613908 
390 , 356357186,  356366612,  9426 , 1671419 
391 , 357163894,  357173339,  9445 , 1613435 
392 , 357999485,  358008948,  9463 , 1671200 
393 , 358805961,  358815442,  9481 , 1612970 
394 , 359641423,  359650922,  9499 , 1670942 
395 , 360447665,  360457182,  9517 , 1612502 
396 , 361283012,  361292544,  9532 , 1670709 
397 , 362089012,  362098564,  9552 , 1612020 
398 , 362924242,  362933812,  9570 , 1670478 
399 , 363729995,  363739582,  9587 , 1611523 
400 , 364565100,  364574705,  9605 , 1670228 
401 , 365370629,  365380252,  9623 , 1611076 
402 , 366205635,  366215277,  9642 , 1670031 
403 , 367010928,  367020586,  9658 , 1610602 
404 , 367845808,  367855485,  9677 , 1669779 
405 , 368650862,  368660556,  9694 , 1610125 
406 , 369485630,  369495344,  9714 , 1669556 
407 , 370290464,  370300195,  9731 , 1609685 
408 , 371125116,  371134867,  9751 , 1669324 
409 , 371929723,  371939490,  9767 , 1609230 
410 , 372764260,  372774046,  9786 , 1669093 
411 , 373568651,  373578455,  9804 , 1608800 
412 , 374403075,  374412898,  9823 , 1668867 
413 , 375207238,  375217079,  9841 , 1608344 
414 , 376041537,  376051396,  9859 , 1668616 
415 , 376845447,  376855323,  9876 , 1607837 
416 , 377679619,  377689513,  9894 , 1668362 
417 , 378483318,  378493229,  9911 , 1607415 
418 , 379317365,  379327295,  9930 , 1668113 
419 , 380120842,  380130790,  9948 , 1606972 
420 , 380954793,  380964760,  9967 , 1667921 
421 , 381758053,  381768038,  9985 , 1606538 
422 , 382591904,  382601907,  10003 , 1667720 
423 , 383394972,  383404992,  10020 , 1606153 
424 , 384228721,  384238761,  10040 , 1667518 
425 , 385031575,  385041632,  10057 , 1605725 
426 , 385865233,  385875309,  10076 , 1667335 
427 , 386667874,  386677969,  10095 , 1605301 
428 , 387501405,  387511518,  10113 , 1667080 
429 , 388303851,  388313983,  10132 , 1604911 
430 , 389137305,  389147456,  10151 , 1666927 
431 , 389939529,  389949698,  10169 , 1604466 
432 , 390772900,  390783087,  10187 , 1666760 
433 , 391574920,  391585126,  10206 , 1604059 
434 , 392408177,  392418400,  10223 , 1666531 
435 , 393210005,  393220245,  10240 , 1603673 
436 , 394043156,  394053415,  10259 , 1666321 
437 , 394844750,  394855028,  10278 , 1603207 
438 , 395677815,  395688111,  10296 , 1666148 
439 , 396479205,  396489520,  10315 , 1602799 
440 , 397312189,  397322522,  10333 , 1665986 
441 , 398113384,  398123735,  10351 , 1602408 
442 , 398946295,  398956664,  10369 , 1665840 
443 , 399747288,  399757675,  10387 , 1602004 
444 , 400580086,  400590491,  10405 , 1665614 
445 , 401380893,  401391317,  10424 , 1601633 
446 , 402213612,  402224053,  10441 , 1665455 
447 , 403014252,  403024715,  10463 , 1601302 
448 , 403846640,  403857120,  10480 , 1664793 
449 , 404647128,  404657626,  10498 , 1600994 
450 , 405479696,  405490212,  10516 , 1665154 
451 , 406279916,  406290452,  10536 , 1600460 
452 , 407112412,  407122966,  10554 , 1665010 
453 , 407912444,  407923015,  10571 , 1600081 
454 , 408744850,  408755441,  10591 , 1664832 
455 , 409544724,  409555334,  10610 , 1599767 
456 , 410377036,  410387665,  10629 , 1664643 
457 , 411176708,  411187356,  10648 , 1599363 
458 , 412008929,  412019596,  10667 , 1664461 
459 , 412808391,  412819078,  10687 , 1598944 
460 , 413640557,  413651262,  10705 , 1664350 
461 , 414439821,  414450545,  10724 , 1598547 
462 , 415271918,  415282661,  10743 , 1664213 
463 , 416070982,  416081743,  10761 , 1598146 
464 , 416903008,  416913791,  10783 , 1664074 
465 , 417701873,  417712674,  10801 , 1597748 
466 , 418533828,  418544648,  10820 , 1663929 
467 , 419332509,  419343349,  10840 , 1597382 
468 , 420164410,  420175267,  10857 , 1663819 
469 , 420962930,  420973807,  10877 , 1597060 
470 , 421794747,  421805642,  10895 , 1663652 
471 , 422593092,  422604007,  10915 , 1596710 
472 , 423424850,  423435784,  10934 , 1663535 
473 , 424223002,  424233954,  10952 , 1596322 
474 , 425054680,  425065652,  10972 , 1663376 
475 , 425852642,  425863634,  10992 , 1595944 
476 , 426684269,  426695278,  11009 , 1663271 
477 , 427482050,  427493079,  11029 , 1595582 
478 , 428313631,  428324677,  11046 , 1663179 
479 , 429111247,  429122311,  11064 , 1595250 
480 , 429942736,  429953821,  11085 , 1662999 
481 , 430740161,  430751264,  11103 , 1594868 
482 , 431571637,  431582759,  11122 , 1662971 
483 , 432368885,  432380029,  11144 , 1594518 
484 , 433200279,  433211437,  11158 , 1662802 
485 , 433997365,  434008541,  11176 , 1594190 
486 , 434828731,  434839927,  11196 , 1662752 
487 , 435625616,  435636831,  11215 , 1593789 
488 , 436456929,  436468162,  11233 , 1662644 
489 , 437253664,  437264918,  11254 , 1593491 
490 , 438084927,  438096198,  11271 , 1662543 
491 , 438881513,  438892803,  11290 , 1593191 
492 , 439712724,  439724033,  11309 , 1662441 
493 , 440509141,  440520469,  11328 , 1592853 
494 , 441340270,  441351616,  11346 , 1662276 
495 , 442136516,  442147881,  11365 , 1592511 
496 , 442967559,  442978944,  11385 , 1662106 
497 , 443763635,  443775040,  11405 , 1592172 
498 , 444594645,  444606070,  11425 , 1662040 
499 , 445390561,  445402003,  11442 , 1591849 
500 , 446221522,  446232983,  11461 , 1661941 
501 , 447017265,  447028746,  11481 , 1591506 
502 , 447848196,  447859695,  11499 , 1661880 
503 , 448643766,  448655286,  11520 , 1591161 
504 , 449474662,  449486199,  11537 , 1661809 
505 , 450270048,  450281606,  11558 , 1590793 
506 , 451100876,  451112452,  11576 , 1661674 
507 , 451896090,  451907687,  11597 , 1590449 
508 , 452726913,  452738526,  11613 , 1661662 
509 , 453521965,  453533600,  11635 , 1590126 
510 , 454352666,  454364320,  11654 , 1661421 
511 , 455147585,  455159259,  11674 , 1589858 
512 , 455978262,  455989954,  11692 , 1661372 
513 , 456773017,  456784727,  11710 , 1589528 
514 , 457603650,  457615380,  11730 , 1661286 
515 , 458398273,  458410020,  11747 , 1589263 
516 , 459228864,  459240630,  11766 , 1661201 
517 , 460023299,  460035084,  11785 , 1588889 
518 , 460853870,  460865675,  11805 , 1661162 
519 , 461648141,  461659965,  11824 , 1588561 
520 , 462478673,  462490518,  11845 , 1661085 
521 , 463272784,  463284648,  11864 , 1588241 
522 , 464103274,  464115157,  11883 , 1660999 
523 , 464897242,  464909143,  11901 , 1587954 
524 , 465727688,  465739611,  11923 , 1660914 
525 , 466521481,  466533420,  11939 , 1587602 
526 , 467351889,  467363848,  11959 , 1660836 
527 , 468145524,  468157502,  11978 , 1587289 
528 , 468975907,  468987904,  11997 , 1660785 
529 , 469769377,  469781394,  12017 , 1586960 
530 , 470599764,  470611800,  12036 , 1660793 
531 , 471393088,  471405144,  12056 , 1586668 
532 , 472223400,  472235475,  12075 , 1660643 
533 , 473016558,  473028651,  12093 , 1586334 
534 , 473846829,  473858942,  12113 , 1660562 
535 , 474639830,  474651965,  12135 , 1586024 
536 , 475470074,  475482228,  12154 , 1660507 
537 , 476262924,  476275096,  12172 , 1585718 
538 , 477093146,  477105339,  12193 , 1660465 
539 , 477885863,  477898075,  12212 , 1585453 
540 , 478716058,  478728287,  12229 , 1660407 
541 , 479508603,  479520852,  12249 , 1585110 
542 , 480338779,  480351049,  12270 , 1660373 
543 , 481131175,  481143464,  12289 , 1584811 
544 , 481961330,  481973640,  12310 , 1660331 
545 , 482753567,  482765896,  12329 , 1584493 
546 , 483583690,  483596040,  12350 , 1660267 
547 , 484375765,  484388134,  12369 , 1584169 
548 , 485205834,  485218222,  12388 , 1660157 
549 , 485997809,  486010218,  12409 , 1583971 
550 , 486827862,  486840292,  12430 , 1660127 
551 , 487619695,  487632144,  12449 , 1583685 
552 , 488449737,  488462207,  12470 , 1660105 
553 , 489241420,  489253909,  12489 , 1583385 
554 , 490071476,  490083985,  12509 , 1660132 
555 , 490862999,  490875527,  12528 , 1583065 
556 , 491692986,  491705534,  12548 , 1659994 
557 , 492484388,  492496955,  12567 , 1582823 
558 , 493314355,  493326941,  12586 , 1659953 
559 , 494105624,  494118230,  12606 , 1582558 
560 , 494935584,  494948208,  12624 , 1659938 
561 , 495726698,  495739341,  12643 , 1582247 
562 , 496556631,  496569297,  12666 , 1659889 
563 , 497347606,  497360290,  12684 , 1581968 
564 , 498177497,  498190200,  12703 , 1659801 
565 , 498968329,  498981049,  12720 , 1581681 
566 , 499798212,  499810954,  12742 , 1659788 
567 , 500588930,  500601692,  12762 , 1581456 
568 , 501418788,  501431569,  12781 , 1659735 
569 , 502209358,  502222158,  12800 , 1581159 
570 , 503039197,  503052017,  12820 , 1659698 
571 , 503829638,  503842478,  12840 , 1580902 
572 , 504659442,  504672305,  12863 , 1659631 
573 , 505449749,  505462628,  12879 , 1580630 
574 , 506279543,  506292442,  12899 , 1659608 
575 , 507069676,  507082595,  12919 , 1580286 
576 , 507899466,  507912408,  12942 , 1659603 
577 , 508689469,  508702429,  12960 , 1580024 
578 , 509519232,  509532212,  12980 , 1659546 
579 , 510309103,  510322103,  13000 , 1579762 
580 , 511138863,  511151883,  13020 , 1659540 
581 , 511928581,  511941620,  13039 , 1579455 
582 , 512758333,  512771394,  13061 , 1659526 
583 , 513547906,  513560988,  13082 , 1579167 
584 , 514377630,  514390733,  13103 , 1659469 
585 , 515167062,  515180185,  13123 , 1578884 
586 , 515996779,  516009923,  13144 , 1659455 
587 , 516786080,  516799242,  13162 , 1578620 
588 , 517615803,  517628986,  13183 , 1659467 
589 , 518404951,  518418153,  13202 , 1578315 
590 , 519234651,  519247877,  13226 , 1659424 
591 , 520023660,  520036907,  13247 , 1578039 
592 , 520853375,  520866641,  13266 , 1659449 
593 , 521642242,  521655526,  13284 , 1577752 
594 , 522471948,  522485254,  13306 , 1659434 
595 , 523260669,  523273994,  13325 , 1577461 
596 , 524090382,  524103730,  13348 , 1659449 
597 , 524878966,  524892335,  13369 , 1577189 
598 , 525708641,  525722028,  13387 , 1659368 
599 , 526497097,  526510503,  13406 , 1576931 
600 , 527326770,  527340198,  13428 , 1659368 
601 , 528115108,  528128555,  13447 , 1576695 
602 , 528944768,  528958235,  13467 , 1659340 
603 , 529732997,  529746484,  13487 , 1576478 
604 , 530562637,  530576144,  13507 , 1659300 
605 , 531350723,  531364250,  13527 , 1576192 
606 , 532180368,  532193916,  13548 , 1659311 
607 , 532968318,  532981886,  13568 , 1575920 
608 , 533797944,  533811532,  13588 , 1659272 
609 , 534585762,  534599369,  13607 , 1575655 
610 , 535415409,  535429037,  13628 , 1659315 
611 , 536203101,  536216749,  13648 , 1575404 
612 , 537032745,  537046413,  13668 , 1659308 
613 , 537820304,  537833992,  13688 , 1575138 
614 , 538649914,  538663622,  13708 , 1659240 
615 , 539437380,  539451107,  13727 , 1574951 
616 , 540266985,  540280732,  13747 , 1659230 
617 , 541054332,  541068100,  13768 , 1574715 
618 , 541883931,  541897718,  13787 , 1659217 
619 , 542671111,  542684918,  13807 , 1574380 
620 , 543500746,  543514574,  13828 , 1659291 
621 , 544287809,  544301658,  13849 , 1574147 
622 , 545117452,  545131322,  13870 , 1659307 
623 , 545904383,  545918275,  13892 , 1573884 
624 , 546734011,  546747921,  13910 , 1659274 
625 , 547520836,  547534767,  13931 , 1573671 
626 , 548350379,  548364331,  13952 , 1659107 
627 , 549137043,  549151015,  13972 , 1573348 
628 , 549966674,  549980669,  13995 , 1659285 
629 , 550753243,  550767259,  14016 , 1573159 
630 , 551582847,  551596883,  14036 , 1659228 
631 , 552369310,  552383366,  14056 , 1572946 
632 , 553198897,  553212973,  14076 , 1659194 
633 , 553985238,  553999335,  14097 , 1572703 
634 , 554814821,  554828940,  14119 , 1659188 
635 , 555601028,  555615165,  14137 , 1572432 
636 , 556430625,  556444782,  14157 , 1659214 
637 , 557216728,  557230903,  14175 , 1572224 
638 , 558046339,  558060536,  14197 , 1659244 
639 , 558832323,  558846540,  14217 , 1571988 
640 , 559661946,  559676184,  14238 , 1659267 
641 , 560447813,  560462071,  14258 , 1571754 
642 , 561277432,  561291710,  14278 , 1659258 
643 , 562063189,  562077487,  14298 , 1571534 
644 , 562892788,  562907107,  14319 , 1659219 
645 , 563678431,  563692771,  14340 , 1571307 
646 , 564508043,  564522404,  14361 , 1659245 
647 , 565293562,  565307945,  14383 , 1571060 
648 , 566123213,  566137617,  14404 , 1659323 
649 , 566908626,  566923051,  14425 , 1570847 
650 , 567738268,  567752712,  14444 , 1659303 
651 , 568523560,  568538025,  14465 , 1570605 
652 , 569353201,  569367684,  14483 , 1659300 
653 , 570138366,  570152871,  14505 , 1570352 
654 , 570968021,  570982546,  14525 , 1659330 
655 , 571753065,  571767610,  14545 , 1570108 
656 , 572582704,  572597271,  14567 , 1659300 
657 , 573367626,  573382215,  14589 , 1569866 
658 , 574197309,  574211916,  14607 , 1659384 
659 , 574982082,  574996710,  14628 , 1569567 
660 , 575811758,  575826408,  14650 , 1659374 
661 , 576596439,  576611109,  14670 , 1569382 
662 , 577426117,  577440810,  14693 , 1659379 
663 , 578210686,  578225398,  14712 , 1569157 
664 , 579040355,  579055088,  14733 , 1659359 
665 , 579824824,  579839577,  14753 , 1568958 
666 , 580654521,  580669295,  14774 , 1659415 
667 , 581438865,  581453659,  14794 , 1568708 
668 , 582268573,  582283387,  14814 , 1659436 
669 , 583052804,  583067640,  14836 , 1568484 
670 , 583882515,  583897371,  14856 , 1659442 
671 , 584666636,  584681512,  14876 , 1568262 
672 , 585496363,  585511262,  14899 , 1659477 
673 , 586280358,  586295275,  14917 , 1568008 
674 , 587110109,  587125049,  14940 , 1659525 
675 , 587893976,  587908936,  14960 , 1567754 
676 , 588723725,  588738708,  14983 , 1659521 
677 , 589507484,  589522488,  15004 , 1567539 
678 , 590337244,  590352269,  15025 , 1659541 
679 , 591120889,  591135936,  15047 , 1567312 
680 , 591950657,  591965725,  15068 , 1659557 
681 , 592734213,  592749300,  15087 , 1567131 
682 , 593564000,  593579108,  15108 , 1659595 
683 , 594347434,  594362562,  15128 , 1566888 
684 , 595177234,  595192382,  15148 , 1659620 
685 , 595960549,  595975719,  15170 , 1566652 
686 , 596790382,  596805572,  15190 , 1659686 
687 , 597573573,  597588785,  15212 , 1566404 
688 , 598403417,  598418651,  15234 , 1659710 
689 , 599186509,  599201762,  15253 , 1566203 
690 , 600016364,  600031637,  15273 , 1659730 
691 , 600799345,  600814639,  15294 , 1565983 
692 , 601629224,  601644538,  15314 , 1659778 
693 , 602412093,  602427428,  15335 , 1565759 
694 , 603241979,  603257337,  15358 , 1659795 
695 , 604024706,  604040085,  15379 , 1565475 
696 , 604854607,  604870007,  15400 , 1659823 
697 , 605637231,  605652654,  15423 , 1565271 
698 , 606467163,  606482609,  15446 , 1659887 
699 , 607249685,  607265153,  15468 , 1565066 
700 , 608079653,  608095141,  15488 , 1659956 
Число меток разделителя:  2 
0 
701 
Эффективный угловой размер затеняющй спицы:  0.005233568416  0.000003373227 
Период линейных колебаний [сек]:  1.335369753278  0.000860694866   
